1.856980130000000063e+05 5.142760059999999939e+05 8.000000000000000000e+00
7.044950299999999697e+04 4.389974689999999828e+05 1.500000000000000000e+01
1.113252459999999992e+05 4.534189820000000182e+05 3.000000000000000000e+01
2.260489355400000059e+05 4.743508699699999997e+05 7.200000000000000000e+01
8.668768124999999418e+04 4.542211968099999940e+05 7.900000000000000000e+01
1.201466589999999997e+05 4.107456969999999856e+05 8.100000000000000000e+01
9.377462200000000303e+04 4.690850669999999809e+05 1.010000000000000000e+02
1.050611140000000014e+05 4.582365470000000205e+05 1.310000000000000000e+02
1.033800910000000003e+05 4.117558190000000177e+05 1.600000000000000000e+02
2.564875100000000093e+05 5.772364200000000419e+05 2.080000000000000000e+02
2.134207680000000109e+05 5.741833390000000363e+05 2.130000000000000000e+02
8.519501799999999639e+04 4.379783670000000275e+05 2.470000000000000000e+02
2.087113690000000061e+05 3.732552420000000275e+05 2.890000000000000000e+02
2.562117919999999867e+05 5.723194379999999655e+05 3.030000000000000000e+02
1.465773421699999890e+05 4.855777403000000049e+05 3.340000000000000000e+02
1.860820530000000144e+05 4.194818919999999925e+05 3.350000000000000000e+02
1.571114940000000061e+05 3.904080619999999763e+05 3.420000000000000000e+02
1.579770419999999867e+05 4.515290619999999763e+05 3.520000000000000000e+02
1.655674940000000061e+05 5.100962760000019916e+05 3.710000000000000000e+02
1.676152220000000088e+05 4.644639459999999963e+05 3.880000000000000000e+02
1.063602119999999995e+05 4.291748709999999846e+05 3.920000000000000000e+02
2.523465180000000109e+05 5.275394620000000577e+05 3.990000000000000000e+02
1.842887380000000121e+05 4.471423169999999809e+05 4.120000000000000000e+02
1.572163559999999998e+05 4.938274020000030287e+05 4.390000000000000000e+02
1.109184039999999950e+05 4.075794760000000242e+05 4.510000000000000000e+02
9.074920399999999790e+04 4.311031979999999749e+05 4.540000000000000000e+02
1.271660139999999956e+05 4.841971639999999898e+05 4.730000000000000000e+02
1.106810000000000000e+05 5.179750000000000000e+05 4.740000000000000000e+02
1.984322305099999940e+05 4.869385521699999808e+05 4.860000000000000000e+02
1.957150000000000000e+05 4.440360000000000000e+05 5.170000000000000000e+02
9.982611500000000524e+04 4.421554270000000251e+05 5.240000000000000000e+02
1.258591140000000014e+05 4.845511570000000065e+05 5.500000000000000000e+02
1.287610500000000029e+05 4.616514340000000084e+05 5.980000000000000000e+02
1.378562859999999928e+05 4.495401010000000242e+05 6.050000000000000000e+02
1.842074280000000144e+05 4.225367409999999800e+05 6.260000000000000000e+02
2.166803450000000012e+05 5.758625159999999451e+05 6.700000000000000000e+02
2.507469530000000086e+05 5.765978530000000028e+05 7.090000000000000000e+02
1.564450543400000024e+05 5.712049486500000348e+05 7.220000000000000000e+02
1.746187360000000044e+05 4.471894969999999739e+05 7.330000000000000000e+02
1.383734150000000081e+05 3.953501080000000075e+05 7.650000000000000000e+02
1.773143319999999949e+05 4.299542590000000200e+05 7.800000000000000000e+02
1.859454590000000026e+05 3.789921759999999776e+05 7.910000000000000000e+02
1.973059310000000114e+05 3.950184225200000219e+05 8.080000000000000000e+02
1.789581168699999980e+05 5.788870893899999792e+05 8.340000000000000000e+02
2.329778260000000009e+05 5.547200500000000466e+05 8.380000000000000000e+02
9.819566599999999744e+04 4.495677119999999995e+05 8.540000000000000000e+02
1.378405287400000088e+05 4.589355902500000084e+05 8.580000000000000000e+02
9.060355999999999767e+04 3.933955540000000037e+05 8.630000000000000000e+02
1.610840260000000126e+05 4.727357849999999744e+05 8.750000000000000000e+02
1.080014269999999960e+05 4.758269519999999902e+05 9.300000000000000000e+02
9.630500000000000000e+04 4.366270000000000000e+05 9.480000000000000000e+02
1.577159690000000119e+05 3.794544189999999944e+05 9.520000000000000000e+02
9.494057102000000305e+04 4.315251833699999843e+05 9.970000000000000000e+02
1.832183129999999946e+05 3.288530079999999725e+05 1.005000000000000000e+03
1.015020000000000000e+05 4.300680000000000000e+05 1.013000000000000000e+03
1.343440830000000133e+05 4.442075749999990221e+05 1.019000000000000000e+03
1.198103399999999965e+05 4.936823399999990361e+05 1.031000000000000000e+03
2.367002555799999973e+05 5.731573810300000478e+05 1.044000000000000000e+03
1.402649869999999937e+05 4.369483730000000214e+05 1.059000000000000000e+03
2.523507049999999872e+05 5.275247909999999683e+05 1.066000000000000000e+03
2.094440700000000070e+05 5.210979199999999837e+05 1.074000000000000000e+03
2.059945646499999857e+05 4.371077235399999772e+05 1.077000000000000000e+03
1.152802219999999943e+05 4.818535530000000144e+05 1.082000000000000000e+03
1.180688959999999934e+05 4.834749340000000084e+05 1.086000000000000000e+03
8.028590000000000873e+04 3.913249628299999749e+05 1.088000000000000000e+03
1.079924119999999966e+05 4.282660300000000279e+05 1.091000000000000000e+03
1.441719189999999944e+05 3.924801959999999963e+05 1.097000000000000000e+03
1.974995834899999900e+05 5.452581385899999877e+05 1.101000000000000000e+03
1.661707419999999984e+05 4.367812970000000205e+05 1.132000000000000000e+03
1.778163440000000119e+05 5.392831469999999972e+05 1.161000000000000000e+03
3.171449399999999878e+04 3.875800150000000140e+05 1.167000000000000000e+03
8.224602999999999884e+04 4.495830300000000279e+05 1.178000000000000000e+03
1.977069727800000110e+05 4.664505296400000225e+05 1.190000000000000000e+03
1.461094877099999867e+05 4.214174168000000063e+05 1.191000000000000000e+03
1.289856062800000072e+05 5.142702404400000232e+05 1.196000000000000000e+03
1.311488465499999875e+05 5.198662697199999820e+05 1.198000000000000000e+03
1.597277030000000086e+05 4.350331689999999944e+05 1.250000000000000000e+03
7.616747500000000582e+04 4.400090619999999763e+05 1.254000000000000000e+03
1.491569869999999937e+05 4.079992129999999888e+05 1.261000000000000000e+03
1.893378179999999993e+05 3.479499550000000163e+05 1.265000000000000000e+03
8.485043200000000070e+04 4.367013800000000047e+05 1.269000000000000000e+03
1.687320500000000175e+05 4.061332390000000014e+05 1.278000000000000000e+03
1.714117080800000113e+05 4.186944446899999748e+05 1.282000000000000000e+03
9.124424300000000221e+04 4.241596510000000126e+05 1.295000000000000000e+03
1.516168189999999886e+05 4.141724450000000070e+05 1.333000000000000000e+03
9.234918822999999975e+04 4.594254572700000135e+05 1.364000000000000000e+03
9.591001499999999942e+04 4.625308380000020261e+05 1.368000000000000000e+03
1.329470419999999867e+05 4.519395489999999991e+05 1.385000000000000000e+03
1.252687205399999948e+05 4.793422685599999968e+05 1.408000000000000000e+03
1.273800000000000000e+05 4.362640000000000000e+05 1.469000000000000000e+03
1.472394560000000056e+05 4.528388869999999879e+05 1.473000000000000000e+03
1.084765489999999991e+05 5.018020750000000116e+05 1.501000000000000000e+03
1.987891440000000002e+05 3.544875370000000112e+05 1.506000000000000000e+03
1.906480569900000119e+05 5.542705182199999690e+05 1.514000000000000000e+03
1.081589060000000027e+05 4.504486500000000233e+05 1.533000000000000000e+03
5.262531700000000274e+04 3.888576149999999907e+05 1.557000000000000000e+03
1.167203450000000012e+05 4.010842050000000163e+05 1.564000000000000000e+03
1.103235669999999955e+05 3.907813869999999879e+05 1.569000000000000000e+03
4.646988365999999951e+04 3.682572792200000258e+05 1.592000000000000000e+03
1.501978129999999946e+05 4.090716959999999963e+05 1.597000000000000000e+03
1.149319020000000019e+05 4.827550180000009714e+05 1.599000000000000000e+03
1.072053469999999943e+05 3.985877689999999711e+05 1.606000000000000000e+03
1.803571020000000135e+05 4.361395709999999963e+05 1.625000000000000000e+03
2.538126210000000137e+05 4.775185979999999981e+05 1.630000000000000000e+03
1.452295089999999909e+05 4.721854799999999814e+05 1.674000000000000000e+03
5.921105587999999989e+04 3.873350159400000121e+05 1.699000000000000000e+03
1.823605989999999874e+05 4.452171620000000112e+05 1.711000000000000000e+03
8.885717600000000675e+04 4.379286730000000098e+05 1.762000000000000000e+03
9.544474800000000687e+04 4.506986089999999967e+05 1.765000000000000000e+03
8.756592799999999988e+04 4.167143640000000014e+05 1.778000000000000000e+03
1.786107500000000000e+05 3.195849689999999828e+05 1.804000000000000000e+03
2.395389670000000042e+05 4.787530329999999958e+05 1.815000000000000000e+03
8.738575100000000384e+04 4.424637669999999925e+05 1.819000000000000000e+03
1.227266070000000036e+05 4.923776550000000279e+05 1.821000000000000000e+03
1.991917319999999891e+05 4.981142569999999832e+05 1.835000000000000000e+03
1.052520000000000000e+05 4.971410000000000000e+05 1.842000000000000000e+03
8.483432799999999406e+04 4.534905979999999981e+05 1.899000000000000000e+03
1.572437872400000051e+05 4.659139660700000240e+05 1.905000000000000000e+03
1.243081589999999997e+05 4.284219949999999953e+05 1.914000000000000000e+03
1.330760409999999974e+05 4.533790210000000079e+05 1.924000000000000000e+03
