1.675577540000000154e+05 4.141003890000000247e+05 5.000000000000000000e+00
1.110474820000000036e+05 4.793712609999999986e+05 2.900000000000000000e+01
8.772145249999999942e+04 4.613945831400000025e+05 6.600000000000000000e+01
1.608516235400000005e+05 4.974975097800000221e+05 6.800000000000000000e+01
1.087655359999999928e+05 4.885372229999999981e+05 7.400000000000000000e+01
1.830654510000000009e+05 3.299528310000000056e+05 7.800000000000000000e+01
1.390895109999999986e+05 4.522453790000000154e+05 8.000000000000000000e+01
1.814474219999999914e+05 4.363579550000000163e+05 9.000000000000000000e+01
1.519578239999999932e+05 5.653257049999999581e+05 1.070000000000000000e+02
1.814111680000000051e+05 5.747720400000000373e+05 1.090000000000000000e+02
9.633626300000000629e+04 4.395518470000000088e+05 1.230000000000000000e+02
1.897179139999999898e+05 3.482371780000000144e+05 1.350000000000000000e+02
1.555298940000000002e+05 3.925743840000000200e+05 1.450000000000000000e+02
2.271983219999999856e+05 5.249920860000000102e+05 1.570000000000000000e+02
7.662161999999999534e+04 3.829124540000000270e+05 1.800000000000000000e+02
1.284284470000000001e+05 3.944577210000000196e+05 2.000000000000000000e+02
2.561584310000000114e+05 5.733977410000000382e+05 2.090000000000000000e+02
1.728325260000000126e+05 5.142204120000000112e+05 2.110000000000000000e+02
2.134207680000000109e+05 5.741833390000000363e+05 2.130000000000000000e+02
1.456625500300000131e+05 4.850807481600000174e+05 2.220000000000000000e+02
1.441737960000000021e+05 3.924929799999999814e+05 2.380000000000000000e+02
1.564049590000000026e+05 3.859890530000000144e+05 2.540000000000000000e+02
2.042975640000000130e+05 5.351402410000000382e+05 2.610000000000000000e+02
2.209188306100000045e+05 4.735257405300000100e+05 2.720000000000000000e+02
1.000029039999999950e+05 4.597650960000000196e+05 2.880000000000000000e+02
1.222681950000000070e+05 3.962084569999999949e+05 2.940000000000000000e+02
1.298554089999999997e+05 4.406336230000000214e+05 3.000000000000000000e+02
5.260805200000000332e+04 3.888390999999999767e+05 3.280000000000000000e+02
1.767513209999999963e+05 3.814982829999999958e+05 3.300000000000000000e+02
1.142550000000000000e+05 5.454610000000000000e+05 3.440000000000000000e+02
1.579770419999999867e+05 4.515290619999999763e+05 3.520000000000000000e+02
9.498950699999999779e+04 4.302063649999999907e+05 3.640000000000000000e+02
1.817845869999999995e+05 4.257759220000000205e+05 3.730000000000000000e+02
7.418571400000000722e+04 4.356042289999999921e+05 3.850000000000000000e+02
1.676152220000000088e+05 4.644639459999999963e+05 3.880000000000000000e+02
1.041552810000000027e+05 4.239486940000000177e+05 4.040000000000000000e+02
1.842887380000000121e+05 4.471423169999999809e+05 4.120000000000000000e+02
1.179318600000000006e+05 4.875672590000000200e+05 4.320000000000000000e+02
1.109184039999999950e+05 4.075794760000000242e+05 4.510000000000000000e+02
1.311270020000000077e+05 5.294634039999999804e+05 4.620000000000000000e+02
1.161245979999999981e+05 4.805914209999999730e+05 4.670000000000000000e+02
1.106810000000000000e+05 5.179750000000000000e+05 4.740000000000000000e+02
1.969295686700000078e+05 3.960160192800000077e+05 4.780000000000000000e+02
1.984322305099999940e+05 4.869385521699999808e+05 4.860000000000000000e+02
2.319207099999999919e+05 5.551274159999999683e+05 4.900000000000000000e+02
1.040148319999999949e+05 4.247679760000000242e+05 4.920000000000000000e+02
1.957150000000000000e+05 4.440360000000000000e+05 5.170000000000000000e+02
2.364052829999999958e+05 5.645248479999999981e+05 5.230000000000000000e+02
1.613884949999999953e+05 3.897582299999999814e+05 5.880000000000000000e+02
1.590283310000000056e+05 4.644209890000000014e+05 6.130000000000000000e+02
8.838472100000000501e+04 4.089868080000000191e+05 6.760000000000000000e+02
1.310697330800000054e+05 4.537584803800000227e+05 7.560000000000000000e+02
1.872379109999999928e+05 5.095674980000000214e+05 7.600000000000000000e+02
2.640037260000000242e+05 5.765799910000000382e+05 7.930000000000000000e+02
1.952741440000000002e+05 4.652835640000000130e+05 7.980000000000000000e+02
1.988293839999999909e+05 5.732437219999999506e+05 8.110000000000000000e+02
1.198890737499999959e+05 4.093751562999999733e+05 8.500000000000000000e+02
1.716192000000000116e+05 3.677563279999999795e+05 8.800000000000000000e+02
1.983555895799999998e+05 4.667344870499999961e+05 8.890000000000000000e+02
9.630500000000000000e+04 4.366270000000000000e+05 9.480000000000000000e+02
8.586007700000000477e+04 4.329765979999999981e+05 9.700000000000000000e+02
1.856735409999999974e+05 3.386387800000000279e+05 9.840000000000000000e+02
4.197830599999999686e+04 4.133839400000000023e+05 1.001000000000000000e+03
7.972154697999999917e+04 4.375601724099999992e+05 1.030000000000000000e+03
1.402649869999999937e+05 4.369483730000000214e+05 1.059000000000000000e+03
8.067222900000000664e+04 3.896531809999999823e+05 1.065000000000000000e+03
1.276471839999999938e+05 4.835856680000000051e+05 1.093000000000000000e+03
1.120127580000000016e+05 4.533330410000000265e+05 1.096000000000000000e+03
1.441719189999999944e+05 3.924801959999999963e+05 1.097000000000000000e+03
1.974995834899999900e+05 5.452581385899999877e+05 1.101000000000000000e+03
1.311444830000000075e+05 5.294649279999999562e+05 1.126000000000000000e+03
1.812884120000000112e+05 4.860420950000010198e+05 1.137000000000000000e+03
1.937608644999999960e+05 4.591759991700000246e+05 1.174000000000000000e+03
8.224602999999999884e+04 4.495830300000000279e+05 1.178000000000000000e+03
2.352342571400000015e+05 5.619727162099999841e+05 1.186000000000000000e+03
1.807794472900000110e+05 5.288988172000000486e+05 1.194000000000000000e+03
1.215223627299999935e+05 4.829690607000010205e+05 1.213000000000000000e+03
1.698017741099999985e+05 5.790617068499999586e+05 1.228000000000000000e+03
1.579530000000000000e+05 3.802510000000000000e+05 1.240000000000000000e+03
8.485043200000000070e+04 4.367013800000000047e+05 1.269000000000000000e+03
1.687320500000000175e+05 4.061332390000000014e+05 1.278000000000000000e+03
9.502212099999999919e+04 4.619323479999999981e+05 1.294000000000000000e+03
1.251400684000000037e+05 5.049284941300000064e+05 1.356000000000000000e+03
1.981801075300000084e+05 4.999691659799999907e+05 1.394000000000000000e+03
2.056489770000000135e+05 3.816183630000000121e+05 1.400000000000000000e+03
2.104854139999999898e+05 5.157089280000000144e+05 1.431000000000000000e+03
2.074140950000000012e+05 3.746873140000000130e+05 1.433000000000000000e+03
1.004369419999999955e+05 4.425290229999999865e+05 1.445000000000000000e+03
1.236160380000000005e+05 4.827480829999999842e+05 1.462000000000000000e+03
1.883613040000000037e+05 5.563683080000020564e+05 1.466000000000000000e+03
1.736101350000000093e+05 5.594757689999999711e+05 1.472000000000000000e+03
1.028530000000000000e+05 4.302600000000000000e+05 1.517000000000000000e+03
1.541214800000000105e+05 4.131222839999999851e+05 1.520000000000000000e+03
1.412450989999999874e+05 4.560430009999999893e+05 1.525000000000000000e+03
8.518186100000000442e+04 4.532859830000000075e+05 1.528000000000000000e+03
1.081589060000000027e+05 4.504486500000000233e+05 1.533000000000000000e+03
1.873847060000000056e+05 3.461249569999999949e+05 1.535000000000000000e+03
1.991286436899999972e+05 3.588705257899999851e+05 1.536000000000000000e+03
1.286758819999999978e+05 4.544899130000000005e+05 1.541000000000000000e+03
1.199009410000000062e+05 4.093680800000000163e+05 1.552000000000000000e+03
1.358445070000000123e+05 4.439430459999990417e+05 1.558000000000000000e+03
1.136948160000000062e+05 3.941535559999999823e+05 1.561000000000000000e+03
1.103235669999999955e+05 3.907813869999999879e+05 1.569000000000000000e+03
1.706788349999999919e+05 4.496439479999999749e+05 1.602000000000000000e+03
1.097832489999999962e+05 3.969408080000000191e+05 1.611000000000000000e+03
1.567841009999999951e+05 4.621978290000000270e+05 1.614000000000000000e+03
1.803571020000000135e+05 4.361395709999999963e+05 1.625000000000000000e+03
1.439087460000000137e+05 4.708021639999999898e+05 1.640000000000000000e+03
2.273580089999999909e+05 4.405286670000000158e+05 1.656000000000000000e+03
1.950575050000000047e+05 3.207580000000000000e+05 1.658000000000000000e+03
9.131247999999999593e+04 4.516216269999999786e+05 1.690000000000000000e+03
1.437740409999999974e+05 4.725962870000000112e+05 1.710000000000000000e+03
3.614773399999999674e+04 3.910427820000000065e+05 1.734000000000000000e+03
1.544114696399999957e+05 4.334767951500000199e+05 1.768000000000000000e+03
9.260268399999999383e+04 4.396326180000000168e+05 1.795000000000000000e+03
1.231315489999999991e+05 4.279284409999999916e+05 1.822000000000000000e+03
2.478471080000000075e+05 4.782697750000000233e+05 1.874000000000000000e+03
1.304745899999999965e+05 4.280973339999999735e+05 1.883000000000000000e+03
1.698089863499999919e+05 5.790487125900000101e+05 1.902000000000000000e+03
1.218984520000000048e+05 4.929787739999999758e+05 1.918000000000000000e+03
