1.104892489999999962e+05 4.531129710000000196e+05 2.300000000000000000e+01
1.842795519999999960e+05 4.485457939999999944e+05 2.600000000000000000e+01
1.830654510000000009e+05 3.299528310000000056e+05 7.800000000000000000e+01
1.201466589999999997e+05 4.107456969999999856e+05 8.100000000000000000e+01
1.814111680000000051e+05 5.747720400000000373e+05 1.090000000000000000e+02
1.725345080000000016e+05 3.815383890000000247e+05 1.140000000000000000e+02
9.122048958999999741e+04 4.651788726499999757e+05 1.250000000000000000e+02
1.474802520000000077e+05 3.737907980000000098e+05 1.390000000000000000e+02
2.048111790000000037e+05 3.669925540000000037e+05 1.420000000000000000e+02
1.555298940000000002e+05 3.925743840000000200e+05 1.450000000000000000e+02
2.271983219999999856e+05 5.249920860000000102e+05 1.570000000000000000e+02
1.491410929999999935e+05 4.144353260000000009e+05 1.690000000000000000e+02
8.402703699999999662e+04 4.501146479999999865e+05 1.840000000000000000e+02
8.457289100000000326e+04 4.516781830000000191e+05 1.910000000000000000e+02
1.284284470000000001e+05 3.944577210000000196e+05 2.000000000000000000e+02
1.728325260000000126e+05 5.142204120000000112e+05 2.110000000000000000e+02
9.820080199999999604e+04 4.495853209999999963e+05 2.660000000000000000e+02
1.078534279999999999e+05 4.926335719999999856e+05 2.780000000000000000e+02
1.180676135199999990e+05 4.885911087100000004e+05 2.960000000000000000e+02
8.487017600000000675e+04 4.368128369999999995e+05 3.040000000000000000e+02
8.028716899999999441e+04 3.862229309999999823e+05 3.310000000000000000e+02
1.030492824799999944e+05 4.168478019799999893e+05 3.490000000000000000e+02
2.121571890000000130e+05 3.778188150000000023e+05 3.550000000000000000e+02
1.817845869999999995e+05 4.257759220000000205e+05 3.730000000000000000e+02
1.629140760000000009e+05 3.998502300000030082e+05 3.800000000000000000e+02
1.676152220000000088e+05 4.644639459999999963e+05 3.880000000000000000e+02
1.824683379999999888e+05 4.861507130000020261e+05 4.130000000000000000e+02
2.050830890000000072e+05 5.689288510000000242e+05 4.290000000000000000e+02
1.313660029999999970e+05 5.484382689999999711e+05 4.610000000000000000e+02
1.106810000000000000e+05 5.179750000000000000e+05 4.740000000000000000e+02
1.991387259999999951e+05 4.673085100000000093e+05 4.870000000000000000e+02
1.887668276499999920e+05 4.131106135900000227e+05 5.090000000000000000e+02
2.295676659999999974e+05 5.800975960000000196e+05 5.100000000000000000e+02
1.015396290000000008e+05 4.097744579999999842e+05 5.210000000000000000e+02
2.115044887999999919e+05 5.220136056300000055e+05 5.220000000000000000e+02
8.382921799999999348e+04 4.408805669999999809e+05 5.320000000000000000e+02
1.034697010000000009e+05 4.717952370000020019e+05 5.570000000000000000e+02
3.824915400000000227e+04 3.918046919999999809e+05 5.590000000000000000e+02
1.316786169999999984e+05 4.583408630000000121e+05 5.690000000000000000e+02
6.614000000000000000e+04 4.100730000000000000e+05 6.110000000000000000e+02
1.249816469999999972e+05 4.778474660000000149e+05 6.610000000000000000e+02
7.983912700000000768e+04 4.316313520000000135e+05 6.630000000000000000e+02
2.014734679999999935e+05 4.402788119999999763e+05 6.690000000000000000e+02
1.384852600000000093e+05 4.519824830000000075e+05 6.990000000000000000e+02
1.725349659999999858e+05 3.815555599999999977e+05 7.110000000000000000e+02
2.491580750000000116e+05 5.278460470000000205e+05 7.510000000000000000e+02
9.498339100000000326e+04 4.293575540000000037e+05 8.570000000000000000e+02
9.630500000000000000e+04 4.366270000000000000e+05 9.480000000000000000e+02
1.577159690000000119e+05 3.794544189999999944e+05 9.520000000000000000e+02
1.541191559999999881e+05 4.687868780000000261e+05 9.680000000000000000e+02
8.586007700000000477e+04 4.329765979999999981e+05 9.700000000000000000e+02
1.554154139999999898e+05 5.691074279999999562e+05 9.760000000000000000e+02
1.856735409999999974e+05 3.386387800000000279e+05 9.840000000000000000e+02
1.903407119999999995e+05 4.922470430000000051e+05 1.004000000000000000e+03
1.015020000000000000e+05 4.300680000000000000e+05 1.013000000000000000e+03
1.017288650000000052e+05 4.282161730000000098e+05 1.017000000000000000e+03
7.972154697999999917e+04 4.375601724099999992e+05 1.030000000000000000e+03
9.985593080000000191e+04 3.971429501000000164e+05 1.050000000000000000e+03
1.692856199999999953e+05 4.370019330000000191e+05 1.060000000000000000e+03
8.067222900000000664e+04 3.896531809999999823e+05 1.065000000000000000e+03
1.919984159999999974e+05 4.490498860000030254e+05 1.100000000000000000e+03
1.974995834899999900e+05 5.452581385899999877e+05 1.101000000000000000e+03
2.105366203300000052e+05 5.152536950499999803e+05 1.104000000000000000e+03
2.543736780000000144e+05 5.860164500000000698e+05 1.117000000000000000e+03
1.524510594599999895e+05 4.903778303200000082e+05 1.143000000000000000e+03
2.586830000000000000e+05 5.785840000000000000e+05 1.145000000000000000e+03
1.525380890000000072e+05 4.530130800000000163e+05 1.176000000000000000e+03
1.041959222699999955e+05 4.120754188299999805e+05 1.185000000000000000e+03
2.352342571400000015e+05 5.619727162099999841e+05 1.186000000000000000e+03
1.646443740000000107e+05 3.795472440000000061e+05 1.208000000000000000e+03
7.729412700000000768e+04 4.338572019999999902e+05 1.234000000000000000e+03
1.896455150000000140e+05 5.537384520000000484e+05 1.251000000000000000e+03
1.934047729999999865e+05 4.082785509999999776e+05 1.267000000000000000e+03
1.456504580000000133e+05 4.271795959999990300e+05 1.299000000000000000e+03
1.948750089999999909e+05 4.084713499999999767e+05 1.304000000000000000e+03
1.106866309999999939e+05 4.271808470000000088e+05 1.343000000000000000e+03
1.232832949999999983e+05 4.209344450000019860e+05 1.353000000000000000e+03
9.591001499999999942e+04 4.625308380000020261e+05 1.368000000000000000e+03
1.977457429999999877e+05 4.995985750000000116e+05 1.371000000000000000e+03
2.367012989999999991e+05 5.732772340000000549e+05 1.374000000000000000e+03
1.270688439999999973e+05 5.099440300000000279e+05 1.381000000000000000e+03
1.813233489999999874e+05 3.630034319999999716e+05 1.412000000000000000e+03
1.812956739999999991e+05 4.378455740000000224e+05 1.438000000000000000e+03
1.004369419999999955e+05 4.425290229999999865e+05 1.445000000000000000e+03
1.163311760000000068e+05 4.835272230000030249e+05 1.456000000000000000e+03
1.523378660000000091e+05 4.530294459999999963e+05 1.500000000000000000e+03
1.084765489999999991e+05 5.018020750000000116e+05 1.501000000000000000e+03
1.066857140000000072e+05 4.493390659999999916e+05 1.509000000000000000e+03
1.233909440000000031e+05 4.805887939999999944e+05 1.519000000000000000e+03
1.412450989999999874e+05 4.560430009999999893e+05 1.525000000000000000e+03
1.784189980600000126e+05 4.296389940000000061e+05 1.527000000000000000e+03
1.991286436899999972e+05 3.588705257899999851e+05 1.536000000000000000e+03
1.125037519999999931e+05 4.818451109999999753e+05 1.539000000000000000e+03
1.361617580000000016e+05 4.455071639999999898e+05 1.543000000000000000e+03
1.136948160000000062e+05 3.941535559999999823e+05 1.561000000000000000e+03
1.205646169999999984e+05 4.139285279999999912e+05 1.567000000000000000e+03
2.122180000000000000e+05 4.958450000000000000e+05 1.574000000000000000e+03
1.072053469999999943e+05 3.985877689999999711e+05 1.606000000000000000e+03
1.803571020000000135e+05 4.361395709999999963e+05 1.625000000000000000e+03
1.391465210000000079e+05 4.567360380000000005e+05 1.633000000000000000e+03
1.108386940000000031e+05 3.932096109999999753e+05 1.651000000000000000e+03
1.452295089999999909e+05 4.721854799999999814e+05 1.674000000000000000e+03
1.190621220000000030e+05 4.991719679999999935e+05 1.681000000000000000e+03
1.905136510000000126e+05 4.479419400000000023e+05 1.684000000000000000e+03
1.408380620000000054e+05 4.782679600000000210e+05 1.688000000000000000e+03
5.921105587999999989e+04 3.873350159400000121e+05 1.699000000000000000e+03
1.523733269999999902e+05 4.318686240000000107e+05 1.712000000000000000e+03
1.372830000000000000e+05 4.799945109999999986e+05 1.720000000000000000e+03
2.065028839999999909e+05 3.792258780000000261e+05 1.747000000000000000e+03
9.681998399999999674e+04 4.407840729999999749e+05 1.751000000000000000e+03
1.544114696399999957e+05 4.334767951500000199e+05 1.768000000000000000e+03
1.412270780000000086e+05 4.527118099999999977e+05 1.774000000000000000e+03
1.786107500000000000e+05 3.195849689999999828e+05 1.804000000000000000e+03
1.231315489999999991e+05 4.279284409999999916e+05 1.822000000000000000e+03
2.038642069999999949e+05 4.694963589999999967e+05 1.845000000000000000e+03
2.478471080000000075e+05 4.782697750000000233e+05 1.874000000000000000e+03
1.574998209999999963e+05 4.646412849999999744e+05 1.884000000000000000e+03
2.304753550000000105e+05 4.413288609999999753e+05 1.913000000000000000e+03
1.330760409999999974e+05 4.533790210000000079e+05 1.924000000000000000e+03
8.709862900000000081e+04 4.523164920000000275e+05 1.935000000000000000e+03
