8.452495900000000256e+04 4.579585979999999981e+05 1.100000000000000000e+01
1.050595960000000050e+05 4.985215520000000251e+05 1.800000000000000000e+01
1.029030540000000037e+05 4.696158570000000182e+05 3.100000000000000000e+01
2.318592559999999939e+05 5.794200810000000056e+05 3.800000000000000000e+01
1.206943010000000068e+05 4.146584669999990147e+05 4.200000000000000000e+01
8.547515447999999742e+04 4.129488256099999999e+05 4.600000000000000000e+01
2.260489355400000059e+05 4.743508699699999997e+05 7.200000000000000000e+01
1.087655359999999928e+05 4.885372229999999981e+05 7.400000000000000000e+01
1.443547609999999986e+05 4.720576149999999907e+05 7.700000000000000000e+01
8.155102800000000570e+04 4.483799430000000284e+05 9.200000000000000000e+01
1.275198559999999998e+05 4.707105109999999986e+05 1.280000000000000000e+02
1.531495890000000072e+05 4.599078269999999902e+05 1.300000000000000000e+02
1.897179139999999898e+05 3.482371780000000144e+05 1.350000000000000000e+02
9.346323699999999371e+04 4.688955019999999786e+05 1.740000000000000000e+02
8.457289100000000326e+04 4.516781830000000191e+05 1.910000000000000000e+02
1.728325260000000126e+05 5.142204120000000112e+05 2.110000000000000000e+02
1.501071867700000003e+05 4.888851232300000265e+05 2.290000000000000000e+02
1.956066609999999928e+05 4.654594369999999763e+05 2.420000000000000000e+02
1.298554089999999997e+05 4.406336230000000214e+05 3.000000000000000000e+02
2.100009301400000113e+05 4.721639568899999722e+05 3.290000000000000000e+02
2.178772010000000009e+05 4.399627359999999753e+05 3.330000000000000000e+02
1.571114940000000061e+05 3.904080619999999763e+05 3.420000000000000000e+02
2.596372799999999988e+05 4.789796489999999758e+05 3.980000000000000000e+02
1.824683379999999888e+05 4.861507130000020261e+05 4.130000000000000000e+02
3.824821399999999994e+04 3.917897029999999795e+05 4.180000000000000000e+02
1.528670570000000007e+05 3.892716250000000000e+05 4.880000000000000000e+02
1.957150000000000000e+05 4.440360000000000000e+05 5.170000000000000000e+02
2.115044887999999919e+05 5.220136056300000055e+05 5.220000000000000000e+02
1.924719940000000061e+05 3.244330200000000186e+05 5.370000000000000000e+02
1.072677529999999970e+05 4.056953290000000270e+05 5.490000000000000000e+02
8.642344599999999627e+04 4.064945540000000037e+05 5.550000000000000000e+02
1.160398249999999971e+05 4.097176649999999790e+05 5.560000000000000000e+02
1.316786169999999984e+05 4.583408630000000121e+05 5.690000000000000000e+02
1.168299339999999938e+05 4.534386190000000061e+05 5.700000000000000000e+02
2.463419370000000054e+05 5.273507500000000000e+05 5.900000000000000000e+02
1.640650150000000140e+05 5.002188969999999972e+05 6.170000000000000000e+02
1.311416039999999921e+05 5.199536060000000289e+05 6.250000000000000000e+02
1.556030329999999958e+05 3.883416020000000135e+05 6.480000000000000000e+02
1.308573228499999968e+05 5.224822547899999772e+05 6.570000000000000000e+02
2.083015199999999895e+05 4.351716219999999739e+05 6.660000000000000000e+02
1.337537930000000051e+05 4.117613879999999772e+05 7.080000000000000000e+02
1.725349659999999858e+05 3.815555599999999977e+05 7.110000000000000000e+02
1.285621649999999936e+05 4.544932779999999912e+05 7.340000000000000000e+02
1.033842620000000024e+05 4.138601849999999977e+05 7.710000000000000000e+02
1.767369800000000105e+05 4.364885860000000102e+05 8.290000000000000000e+02
2.375062309999999998e+05 4.845408890000000247e+05 8.440000000000000000e+02
1.673717669999999925e+05 3.722599060000000172e+05 8.690000000000000000e+02
1.575266320000000123e+05 3.847429000000000233e+05 9.060000000000000000e+02
1.352807133599999943e+05 4.525294833300000173e+05 9.160000000000000000e+02
8.439341999999999825e+04 4.324331979999999749e+05 9.290000000000000000e+02
1.788163602700000047e+05 3.120438398900000029e+05 9.350000000000000000e+02
1.982501320000000123e+05 4.685365729999999749e+05 9.380000000000000000e+02
1.577159690000000119e+05 3.794544189999999944e+05 9.520000000000000000e+02
1.554154139999999898e+05 5.691074279999999562e+05 9.760000000000000000e+02
1.856735409999999974e+05 3.386387800000000279e+05 9.840000000000000000e+02
9.494057102000000305e+04 4.315251833699999843e+05 9.970000000000000000e+02
1.725097360000000044e+05 4.475373009999999776e+05 1.006000000000000000e+03
1.015020000000000000e+05 4.300680000000000000e+05 1.013000000000000000e+03
1.198103399999999965e+05 4.936823399999990361e+05 1.031000000000000000e+03
2.506834349999999977e+05 5.766109429999999702e+05 1.048000000000000000e+03
9.406250900000000547e+04 4.311806130000000121e+05 1.053000000000000000e+03
1.152802219999999943e+05 4.818535530000000144e+05 1.082000000000000000e+03
1.441719189999999944e+05 3.924801959999999963e+05 1.097000000000000000e+03
1.400535500000000175e+05 4.004840169999999925e+05 1.159000000000000000e+03
1.525380890000000072e+05 4.530130800000000163e+05 1.176000000000000000e+03
2.352342571400000015e+05 5.619727162099999841e+05 1.186000000000000000e+03
8.505802065999999468e+04 4.354088329200000153e+05 1.187000000000000000e+03
7.732268000000000757e+04 4.339218449999999721e+05 1.188000000000000000e+03
9.647700000000000000e+04 4.366430000000000000e+05 1.206000000000000000e+03
1.620676119999999937e+05 4.732872029999999795e+05 1.242000000000000000e+03
1.597277030000000086e+05 4.350331689999999944e+05 1.250000000000000000e+03
1.896455150000000140e+05 5.537384520000000484e+05 1.251000000000000000e+03
2.526215499999999884e+05 4.699944970000009635e+05 1.266000000000000000e+03
1.934047729999999865e+05 4.082785509999999776e+05 1.267000000000000000e+03
1.714117080800000113e+05 4.186944446899999748e+05 1.282000000000000000e+03
1.456504580000000133e+05 4.271795959999990300e+05 1.299000000000000000e+03
1.533260860000000102e+05 4.126745399999999790e+05 1.332000000000000000e+03
9.591001499999999942e+04 4.625308380000020261e+05 1.368000000000000000e+03
1.429479480000000040e+05 4.568483389999999781e+05 1.386000000000000000e+03
1.981801075300000084e+05 4.999691659799999907e+05 1.394000000000000000e+03
1.101696389999999956e+05 4.273981670000000158e+05 1.440000000000000000e+03
1.914825560000000114e+05 5.754268869999999879e+05 1.465000000000000000e+03
1.998043140000000130e+05 3.555422989999999991e+05 1.468000000000000000e+03
1.273800000000000000e+05 4.362640000000000000e+05 1.469000000000000000e+03
1.736101350000000093e+05 5.594757689999999711e+05 1.472000000000000000e+03
1.412043260000000009e+05 4.766967100000000210e+05 1.478000000000000000e+03
1.253740580000000045e+05 4.770011180000000168e+05 1.492000000000000000e+03
1.020944330000000045e+05 4.482072339999999967e+05 1.497000000000000000e+03
2.091589629999999888e+05 4.995321890000000130e+05 1.512000000000000000e+03
1.081589060000000027e+05 4.504486500000000233e+05 1.533000000000000000e+03
1.768395029999999970e+05 4.302634839999999967e+05 1.534000000000000000e+03
1.380671719999999914e+05 4.397086190000019851e+05 1.565000000000000000e+03
1.206753040000000037e+05 4.146618479999999981e+05 1.566000000000000000e+03
1.103235669999999955e+05 3.907813869999999879e+05 1.569000000000000000e+03
1.028770069999999978e+05 4.255656570000000065e+05 1.587000000000000000e+03
2.480240249999999942e+05 4.766686630000000005e+05 1.608000000000000000e+03
1.358562650000000140e+05 4.424755329999999958e+05 1.609000000000000000e+03
1.167940449999999983e+05 4.533519060000000172e+05 1.619000000000000000e+03
2.251910039500000130e+05 5.246527841600000393e+05 1.694000000000000000e+03
2.429726050000000105e+05 4.614753059999999823e+05 1.705000000000000000e+03
9.094083800000000338e+04 4.390819760000000242e+05 1.709000000000000000e+03
1.810869910000000091e+05 4.415557880000000005e+05 1.713000000000000000e+03
2.065854750000000058e+05 3.784957949999999837e+05 1.735000000000000000e+03
2.371034489999999932e+05 5.257335320000000065e+05 1.746000000000000000e+03
1.597241339999999909e+05 4.350426500000000233e+05 1.758000000000000000e+03
1.412270780000000086e+05 4.527118099999999977e+05 1.774000000000000000e+03
1.786107500000000000e+05 3.195849689999999828e+05 1.804000000000000000e+03
1.097391119999999937e+05 5.064609139999999898e+05 1.817000000000000000e+03
1.247816849999999977e+05 4.286475540000000037e+05 1.818000000000000000e+03
8.738575100000000384e+04 4.424637669999999925e+05 1.819000000000000000e+03
8.881531299999999464e+04 3.942203169999999809e+05 1.827000000000000000e+03
1.281387609999999986e+05 4.285548250000000116e+05 1.866000000000000000e+03
1.819642639999999956e+05 3.208563059999999823e+05 1.873000000000000000e+03
2.478471080000000075e+05 4.782697750000000233e+05 1.874000000000000000e+03
1.923212609999999986e+05 4.500998369999999995e+05 1.903000000000000000e+03
1.249419900000000052e+05 4.909278059999999823e+05 1.908000000000000000e+03
1.796577174600000144e+05 4.676119057700000121e+05 1.910000000000000000e+03
1.330760409999999974e+05 4.533790210000000079e+05 1.924000000000000000e+03
8.506515000000000873e+04 4.533599729999999981e+05 1.925000000000000000e+03
1.577622710000000079e+05 4.651754600000000210e+05 1.929000000000000000e+03
