3.139677200000000084e+04 3.964738859999999986e+05 0.000000000000000000e+00
1.675577540000000154e+05 4.141003890000000247e+05 5.000000000000000000e+00
6.772750000000000000e+04 4.396397569999999832e+05 1.400000000000000000e+01
1.182178889999999956e+05 4.968926670000039740e+05 6.500000000000000000e+01
8.772145249999999942e+04 4.613945831400000025e+05 6.600000000000000000e+01
9.299678973999999289e+04 4.600224487300000037e+05 6.700000000000000000e+01
9.377462200000000303e+04 4.690850669999999809e+05 1.010000000000000000e+02
1.814111680000000051e+05 5.747720400000000373e+05 1.090000000000000000e+02
9.633626300000000629e+04 4.395518470000000088e+05 1.230000000000000000e+02
1.322177380800000101e+05 4.408326709300000221e+05 1.290000000000000000e+02
1.769571969999999856e+05 3.814641170000000275e+05 1.780000000000000000e+02
1.039302773500000039e+05 4.206838025800000178e+05 2.300000000000000000e+02
1.441737960000000021e+05 3.924929799999999814e+05 2.380000000000000000e+02
1.956066609999999928e+05 4.654594369999999763e+05 2.420000000000000000e+02
1.844171529999999912e+05 4.872639820000000182e+05 2.440000000000000000e+02
9.174023476000000664e+04 4.587447166299999808e+05 2.530000000000000000e+02
1.598608660000000091e+05 3.896418850000000093e+05 2.550000000000000000e+02
2.209188306100000045e+05 4.735257405300000100e+05 2.720000000000000000e+02
8.487017600000000675e+04 4.368128369999999995e+05 3.040000000000000000e+02
1.779596620000000112e+05 4.308353890000000247e+05 3.270000000000000000e+02
1.767513209999999963e+05 3.814982829999999958e+05 3.300000000000000000e+02
8.928153599999999278e+04 4.075139909999999800e+05 3.560000000000000000e+02
1.817845869999999995e+05 4.257759220000000205e+05 3.730000000000000000e+02
1.629140760000000009e+05 3.998502300000030082e+05 3.800000000000000000e+02
1.063602119999999995e+05 4.291748709999999846e+05 3.920000000000000000e+02
1.616356969999999856e+05 3.947287810000000172e+05 3.930000000000000000e+02
2.596372799999999988e+05 4.789796489999999758e+05 3.980000000000000000e+02
1.812480000000000000e+05 3.302120000000000000e+05 4.330000000000000000e+02
2.414256389999999956e+05 4.823330399999999790e+05 4.520000000000000000e+02
1.011296389999999956e+05 4.291660509999999776e+05 5.040000000000000000e+02
2.295676659999999974e+05 5.800975960000000196e+05 5.100000000000000000e+02
1.924719940000000061e+05 3.244330200000000186e+05 5.370000000000000000e+02
1.978548698800000129e+05 5.443823404599999776e+05 5.440000000000000000e+02
1.460023937000000151e+05 4.707664083100000280e+05 5.510000000000000000e+02
1.168299339999999938e+05 4.534386190000000061e+05 5.700000000000000000e+02
1.434980860000000102e+05 3.704475659999999916e+05 5.870000000000000000e+02
9.200316499999999360e+04 4.307835339999999851e+05 5.940000000000000000e+02
1.287610500000000029e+05 4.616514340000000084e+05 5.980000000000000000e+02
1.311416039999999921e+05 5.199536060000000289e+05 6.250000000000000000e+02
1.444803000000000175e+05 4.291283899999990244e+05 6.510000000000000000e+02
1.249816469999999972e+05 4.778474660000000149e+05 6.610000000000000000e+02
1.088103347700000013e+05 4.877862649199999869e+05 6.750000000000000000e+02
1.066389130000000005e+05 4.071636219999999739e+05 7.150000000000000000e+02
1.062762029999999941e+05 4.079739920000000275e+05 7.160000000000000000e+02
1.561339599999999919e+05 4.672424679999999935e+05 7.190000000000000000e+02
1.285621649999999936e+05 4.544932779999999912e+05 7.340000000000000000e+02
2.279725819999999949e+05 5.801842920000000158e+05 7.400000000000000000e+02
1.663112699999999895e+05 4.787725370000000112e+05 7.730000000000000000e+02
1.982638040000000037e+05 4.417670760000000009e+05 8.130000000000000000e+02
9.819566599999999744e+04 4.495677119999999995e+05 8.540000000000000000e+02
1.378405287400000088e+05 4.589355902500000084e+05 8.580000000000000000e+02
1.689544679999999935e+05 4.495820790000000270e+05 8.590000000000000000e+02
1.967719958700000134e+05 3.541109817299999995e+05 8.680000000000000000e+02
1.673717669999999925e+05 3.722599060000000172e+05 8.690000000000000000e+02
1.084782839999999997e+05 4.506670800000000163e+05 8.910000000000000000e+02
1.869720769999999902e+05 3.548775669999999809e+05 8.980000000000000000e+02
2.310398740000000107e+05 5.443005060000000522e+05 9.010000000000000000e+02
1.697016080000000075e+05 4.086874400000000023e+05 9.340000000000000000e+02
1.577159690000000119e+05 3.794544189999999944e+05 9.520000000000000000e+02
8.586007700000000477e+04 4.329765979999999981e+05 9.700000000000000000e+02
1.856735409999999974e+05 3.386387800000000279e+05 9.840000000000000000e+02
1.343440830000000133e+05 4.442075749999990221e+05 1.019000000000000000e+03
7.972154697999999917e+04 4.375601724099999992e+05 1.030000000000000000e+03
1.198103399999999965e+05 4.936823399999990361e+05 1.031000000000000000e+03
1.096923289999999979e+05 4.776803890000000247e+05 1.047000000000000000e+03
1.152802219999999943e+05 4.818535530000000144e+05 1.082000000000000000e+03
1.079924119999999966e+05 4.282660300000000279e+05 1.091000000000000000e+03
1.276471839999999938e+05 4.835856680000000051e+05 1.093000000000000000e+03
2.111234189999999944e+05 3.783096979999999749e+05 1.102000000000000000e+03
2.105366203300000052e+05 5.152536950499999803e+05 1.104000000000000000e+03
1.524510594599999895e+05 4.903778303200000082e+05 1.143000000000000000e+03
2.477708669999999984e+05 5.766840600000000559e+05 1.163000000000000000e+03
1.972613330000000133e+05 4.766193570000000182e+05 1.177000000000000000e+03
1.492330169999999925e+05 4.072313200000000070e+05 1.184000000000000000e+03
1.646443740000000107e+05 3.795472440000000061e+05 1.208000000000000000e+03
1.698017741099999985e+05 5.790617068499999586e+05 1.228000000000000000e+03
2.070271879999999946e+05 4.369128300000000163e+05 1.243000000000000000e+03
1.329628209999999963e+05 4.519346680000000051e+05 1.246000000000000000e+03
1.934047729999999865e+05 4.082785509999999776e+05 1.267000000000000000e+03
2.007473349999999919e+05 5.019344940000000061e+05 1.271000000000000000e+03
1.890649970000000030e+05 4.665021919999999809e+05 1.289000000000000000e+03
9.124424300000000221e+04 4.241596510000000126e+05 1.295000000000000000e+03
1.517516473500000138e+05 4.138721995100000058e+05 1.321000000000000000e+03
1.516168189999999886e+05 4.141724450000000070e+05 1.333000000000000000e+03
1.265852979999999952e+05 4.862744689999999828e+05 1.359000000000000000e+03
2.367012989999999991e+05 5.732772340000000549e+05 1.374000000000000000e+03
1.059999130000000005e+05 4.736339620000020950e+05 1.387000000000000000e+03
1.383393442900000082e+05 4.516203310700000147e+05 1.390000000000000000e+03
1.658661549999999988e+05 5.629149910000000382e+05 1.399000000000000000e+03
1.945128740000000107e+05 3.206409820000000182e+05 1.437000000000000000e+03
9.946600000000000000e+04 4.333470000000000000e+05 1.443000000000000000e+03
1.736101350000000093e+05 5.594757689999999711e+05 1.472000000000000000e+03
1.253740580000000045e+05 4.770011180000000168e+05 1.492000000000000000e+03
1.066857140000000072e+05 4.493390659999999916e+05 1.509000000000000000e+03
1.199009410000000062e+05 4.093680800000000163e+05 1.552000000000000000e+03
5.262531700000000274e+04 3.888576149999999907e+05 1.557000000000000000e+03
1.103235669999999955e+05 3.907813869999999879e+05 1.569000000000000000e+03
1.174126340000000055e+05 3.963639959999999846e+05 1.621000000000000000e+03
1.389553850000000093e+05 4.557822220000000088e+05 1.662000000000000000e+03
1.470217539999999863e+05 4.770523649999999907e+05 1.671000000000000000e+03
1.173697799999999988e+05 3.963283410000000149e+05 1.678000000000000000e+03
1.905136510000000126e+05 4.479419400000000023e+05 1.684000000000000000e+03
5.921105587999999989e+04 3.873350159400000121e+05 1.699000000000000000e+03
1.372830000000000000e+05 4.799945109999999986e+05 1.720000000000000000e+03
9.681998399999999674e+04 4.407840729999999749e+05 1.751000000000000000e+03
1.544114696399999957e+05 4.334767951500000199e+05 1.768000000000000000e+03
1.186313260000000009e+05 4.982090270000000019e+05 1.769000000000000000e+03
1.412270780000000086e+05 4.527118099999999977e+05 1.774000000000000000e+03
1.689693010000000068e+05 4.645224870000000228e+05 1.787000000000000000e+03
1.885336440000000002e+05 4.486549099999999744e+05 1.792000000000000000e+03
8.658253599999999278e+04 4.139724799999999814e+05 1.806000000000000000e+03
1.982586419999999925e+05 4.953397440000000061e+05 1.841000000000000000e+03
8.835494500000000698e+04 4.405206290000000154e+05 1.844000000000000000e+03
1.281387609999999986e+05 4.285548250000000116e+05 1.866000000000000000e+03
8.472541700000000128e+04 3.914364729999999981e+05 1.875000000000000000e+03
1.856608170000000100e+05 3.417600619999999763e+05 1.896000000000000000e+03
8.538200599999999395e+04 4.527817179999999935e+05 1.915000000000000000e+03
1.330760409999999974e+05 4.533790210000000079e+05 1.924000000000000000e+03
1.097697529999999970e+05 5.059978389999999781e+05 1.934000000000000000e+03
8.709862900000000081e+04 4.523164920000000275e+05 1.935000000000000000e+03
