1.675577540000000154e+05 4.141003890000000247e+05 5.000000000000000000e+00
1.497628250000000116e+05 4.049783919999999925e+05 9.000000000000000000e+00
1.433839290000000037e+05 5.596916369999999879e+05 2.000000000000000000e+01
2.264411739999999991e+05 5.207277210000000196e+05 3.700000000000000000e+01
2.318592559999999939e+05 5.794200810000000056e+05 3.800000000000000000e+01
2.006181529999999912e+05 4.681933099999999977e+05 4.300000000000000000e+01
2.189322030000000086e+05 5.767234660000000149e+05 4.500000000000000000e+01
8.547515447999999742e+04 4.129488256099999999e+05 4.600000000000000000e+01
1.443547609999999986e+05 4.720576149999999907e+05 7.700000000000000000e+01
8.668768124999999418e+04 4.542211968099999940e+05 7.900000000000000000e+01
1.474802520000000077e+05 3.737907980000000098e+05 1.390000000000000000e+02
2.083846739999999991e+05 5.077029689999999828e+05 1.550000000000000000e+02
2.279037944100000022e+05 4.754396086099999957e+05 1.580000000000000000e+02
2.561584310000000114e+05 5.733977410000000382e+05 2.090000000000000000e+02
1.039302773500000039e+05 4.206838025800000178e+05 2.300000000000000000e+02
1.441737960000000021e+05 3.924929799999999814e+05 2.380000000000000000e+02
1.844171529999999912e+05 4.872639820000000182e+05 2.440000000000000000e+02
9.820080199999999604e+04 4.495853209999999963e+05 2.660000000000000000e+02
1.222681950000000070e+05 3.962084569999999949e+05 2.940000000000000000e+02
1.180676135199999990e+05 4.885911087100000004e+05 2.960000000000000000e+02
1.567568539999999921e+05 5.740000829999999842e+05 3.210000000000000000e+02
1.571114940000000061e+05 3.904080619999999763e+05 3.420000000000000000e+02
1.579770419999999867e+05 4.515290619999999763e+05 3.520000000000000000e+02
1.524053859999999986e+05 4.110699679999999935e+05 3.680000000000000000e+02
1.655674940000000061e+05 5.100962760000019916e+05 3.710000000000000000e+02
1.629140760000000009e+05 3.998502300000030082e+05 3.800000000000000000e+02
7.418571400000000722e+04 4.356042289999999921e+05 3.850000000000000000e+02
5.765418499999999767e+04 3.872581450000000186e+05 3.950000000000000000e+02
1.842887380000000121e+05 4.471423169999999809e+05 4.120000000000000000e+02
1.387584340000000084e+05 4.601821329999999725e+05 4.460000000000000000e+02
1.227740810000000056e+05 4.818058680000000168e+05 4.680000000000000000e+02
1.040705320000000065e+05 4.232517239999999874e+05 5.080000000000000000e+02
1.829903539999999921e+05 3.319959870000000228e+05 5.200000000000000000e+02
1.015396290000000008e+05 4.097744579999999842e+05 5.210000000000000000e+02
8.382921799999999348e+04 4.408805669999999809e+05 5.320000000000000000e+02
1.168299339999999938e+05 4.534386190000000061e+05 5.700000000000000000e+02
1.842074280000000144e+05 4.225367409999999800e+05 6.260000000000000000e+02
9.852930000000000291e+04 4.645638169999999809e+05 6.390000000000000000e+02
1.130738840000000055e+05 4.084849230000000098e+05 6.470000000000000000e+02
1.556030329999999958e+05 3.883416020000000135e+05 6.480000000000000000e+02
1.088103347700000013e+05 4.877862649199999869e+05 6.750000000000000000e+02
2.086432399999999907e+05 4.719176159999999800e+05 6.840000000000000000e+02
9.253784399999999732e+04 4.308240239999999758e+05 7.120000000000000000e+02
1.245608000000000029e+05 4.785042530000000261e+05 7.380000000000000000e+02
2.491580750000000116e+05 5.278460470000000205e+05 7.510000000000000000e+02
1.429599605199999933e+05 4.568384567500000121e+05 7.870000000000000000e+02
1.982638040000000037e+05 4.417670760000000009e+05 8.130000000000000000e+02
8.768185000000000582e+04 4.321280569999999716e+05 8.190000000000000000e+02
1.653661149999999907e+05 4.640020960000000196e+05 8.230000000000000000e+02
1.420878900000000140e+05 4.290252609999999986e+05 8.470000000000000000e+02
1.689544679999999935e+05 4.495820790000000270e+05 8.590000000000000000e+02
1.673717669999999925e+05 3.722599060000000172e+05 8.690000000000000000e+02
1.869720769999999902e+05 3.548775669999999809e+05 8.980000000000000000e+02
2.310398740000000107e+05 5.443005060000000522e+05 9.010000000000000000e+02
1.577159690000000119e+05 3.794544189999999944e+05 9.520000000000000000e+02
2.002988197299999883e+05 5.015471370599999791e+05 9.530000000000000000e+02
1.988371769999999960e+05 4.652412899999999790e+05 9.610000000000000000e+02
1.679670810000000056e+05 4.819838620000000228e+05 9.820000000000000000e+02
1.019027799999999988e+05 4.678224199999999837e+05 9.860000000000000000e+02
1.198103399999999965e+05 4.936823399999990361e+05 1.031000000000000000e+03
8.067222900000000664e+04 3.896531809999999823e+05 1.065000000000000000e+03
1.500642399999999907e+05 4.156084060000000172e+05 1.081000000000000000e+03
1.120127580000000016e+05 4.533330410000000265e+05 1.096000000000000000e+03
1.441719189999999944e+05 3.924801959999999963e+05 1.097000000000000000e+03
2.105366203300000052e+05 5.152536950499999803e+05 1.104000000000000000e+03
2.442024100000000035e+05 5.782844669999999460e+05 1.157000000000000000e+03
1.237099574500000017e+05 5.018351215199999860e+05 1.170000000000000000e+03
2.004026602399999974e+05 3.890059004200000199e+05 1.173000000000000000e+03
8.224602999999999884e+04 4.495830300000000279e+05 1.178000000000000000e+03
1.461094877099999867e+05 4.214174168000000063e+05 1.191000000000000000e+03
1.807794472900000110e+05 5.288988172000000486e+05 1.194000000000000000e+03
9.052248760999999649e+04 4.636837813300000271e+05 1.202000000000000000e+03
9.647700000000000000e+04 4.366430000000000000e+05 1.206000000000000000e+03
1.646443740000000107e+05 3.795472440000000061e+05 1.208000000000000000e+03
1.922760830000000133e+05 4.500543219999999856e+05 1.220000000000000000e+03
2.002602760000000126e+05 5.652694610000000102e+05 1.222000000000000000e+03
2.526215499999999884e+05 4.699944970000009635e+05 1.266000000000000000e+03
2.392560000000000000e+05 4.495290000000000000e+05 1.276000000000000000e+03
2.329228720000000030e+05 5.080803020000000251e+05 1.279000000000000000e+03
1.984567600000000093e+05 4.869313360000000102e+05 1.342000000000000000e+03
1.147301530000000057e+05 4.262734079999999958e+05 1.354000000000000000e+03
9.591001499999999942e+04 4.625308380000020261e+05 1.368000000000000000e+03
2.367012989999999991e+05 5.732772340000000549e+05 1.374000000000000000e+03
1.329823647899999924e+05 4.478649795600000070e+05 1.393000000000000000e+03
2.074140950000000012e+05 3.746873140000000130e+05 1.433000000000000000e+03
1.812956739999999991e+05 4.378455740000000224e+05 1.438000000000000000e+03
9.946600000000000000e+04 4.333470000000000000e+05 1.443000000000000000e+03
1.879606250000000000e+05 3.281190729999999749e+05 1.444000000000000000e+03
1.004369419999999955e+05 4.425290229999999865e+05 1.445000000000000000e+03
1.883613040000000037e+05 5.563683080000020564e+05 1.466000000000000000e+03
1.273800000000000000e+05 4.362640000000000000e+05 1.469000000000000000e+03
1.020944330000000045e+05 4.482072339999999967e+05 1.497000000000000000e+03
1.066857140000000072e+05 4.493390659999999916e+05 1.509000000000000000e+03
1.028530000000000000e+05 4.302600000000000000e+05 1.517000000000000000e+03
1.412450989999999874e+05 4.560430009999999893e+05 1.525000000000000000e+03
1.784189980600000126e+05 4.296389940000000061e+05 1.527000000000000000e+03
1.797106359700000030e+05 4.675390251699999790e+05 1.532000000000000000e+03
1.125037519999999931e+05 4.818451109999999753e+05 1.539000000000000000e+03
1.199009410000000062e+05 4.093680800000000163e+05 1.552000000000000000e+03
1.585477259999999951e+05 4.666652860000010114e+05 1.568000000000000000e+03
1.103235669999999955e+05 3.907813869999999879e+05 1.569000000000000000e+03
2.561574130000000005e+05 5.271605620000000345e+05 1.618000000000000000e+03
1.174126340000000055e+05 3.963639959999999846e+05 1.621000000000000000e+03
2.538126210000000137e+05 4.775185979999999981e+05 1.630000000000000000e+03
1.236508959999999934e+05 5.018527420000000275e+05 1.682000000000000000e+03
1.303308579400000017e+05 5.387384046600000001e+05 1.683000000000000000e+03
1.546727609999999986e+05 4.336662779999999912e+05 1.702000000000000000e+03
2.149620000000000000e+05 4.906280000000000000e+05 1.707000000000000000e+03
1.372830000000000000e+05 4.799945109999999986e+05 1.720000000000000000e+03
1.597241339999999909e+05 4.350426500000000233e+05 1.758000000000000000e+03
1.689693010000000068e+05 4.645224870000000228e+05 1.787000000000000000e+03
1.885336440000000002e+05 4.486549099999999744e+05 1.792000000000000000e+03
1.243388070000000007e+05 4.266093319999999949e+05 1.801000000000000000e+03
1.786107500000000000e+05 3.195849689999999828e+05 1.804000000000000000e+03
8.738575100000000384e+04 4.424637669999999925e+05 1.819000000000000000e+03
2.402125650000000023e+05 5.800079799999999814e+05 1.886000000000000000e+03
1.093947441399999952e+05 5.033303003100000205e+05 1.887000000000000000e+03
1.856608170000000100e+05 3.417600619999999763e+05 1.896000000000000000e+03
1.324306289999999863e+05 4.533817640000000247e+05 1.901000000000000000e+03
1.330760409999999974e+05 4.533790210000000079e+05 1.924000000000000000e+03
