1.367420810000000056e+05 4.810399720000000088e+05 6.100000000000000000e+01
9.299678973999999289e+04 4.600224487300000037e+05 6.700000000000000000e+01
9.633626300000000629e+04 4.395518470000000088e+05 1.230000000000000000e+02
1.322177380800000101e+05 4.408326709300000221e+05 1.290000000000000000e+02
2.610822270000000135e+05 5.788682639999999665e+05 1.360000000000000000e+02
2.561584310000000114e+05 5.733977410000000382e+05 2.090000000000000000e+02
1.039302773500000039e+05 4.206838025800000178e+05 2.300000000000000000e+02
1.442418600000000151e+05 4.117381049999999814e+05 2.320000000000000000e+02
1.640389610000000102e+05 5.002368049999999930e+05 2.430000000000000000e+02
1.844171529999999912e+05 4.872639820000000182e+05 2.440000000000000000e+02
8.519501799999999639e+04 4.379783670000000275e+05 2.470000000000000000e+02
1.791039800999999861e+05 4.330361406599999755e+05 2.600000000000000000e+02
1.959487172600000049e+05 5.732766338499999838e+05 2.700000000000000000e+02
1.689778230000000040e+05 4.107159629999999888e+05 2.760000000000000000e+02
8.446352199999999721e+04 4.324550140000000247e+05 2.790000000000000000e+02
2.087113690000000061e+05 3.732552420000000275e+05 2.890000000000000000e+02
2.155096739999999991e+05 4.730514880000000121e+05 2.930000000000000000e+02
1.180676135199999990e+05 4.885911087100000004e+05 2.960000000000000000e+02
1.306882679999999964e+05 5.489961530000000494e+05 3.010000000000000000e+02
1.371659549999999872e+05 4.813405109999999986e+05 3.060000000000000000e+02
9.371335899999999674e+04 4.310445750000000116e+05 3.240000000000000000e+02
1.767513209999999963e+05 3.814982829999999958e+05 3.300000000000000000e+02
8.557789500000000407e+04 4.590252509999999893e+05 3.510000000000000000e+02
1.064268420000000042e+05 4.584188009999999776e+05 3.650000000000000000e+02
1.924624340000000084e+05 4.474828040000000037e+05 3.860000000000000000e+02
1.676152220000000088e+05 4.644639459999999963e+05 3.880000000000000000e+02
1.071623739999999962e+05 4.237158319999999949e+05 4.050000000000000000e+02
2.203634189600000100e+05 5.774267414499999722e+05 4.100000000000000000e+02
1.106810000000000000e+05 5.179750000000000000e+05 4.740000000000000000e+02
1.308459349999999977e+05 5.233578960000000079e+05 4.840000000000000000e+02
1.040148319999999949e+05 4.247679760000000242e+05 4.920000000000000000e+02
2.018217580000000016e+05 5.672178789999999572e+05 5.050000000000000000e+02
1.887668276499999920e+05 4.131106135900000227e+05 5.090000000000000000e+02
2.295676659999999974e+05 5.800975960000000196e+05 5.100000000000000000e+02
1.460023937000000151e+05 4.707664083100000280e+05 5.510000000000000000e+02
8.590225500000000466e+04 4.380028530000000028e+05 5.540000000000000000e+02
2.568377440000000061e+05 4.794593219999999856e+05 5.660000000000000000e+02
1.082273000000000029e+05 4.274289839999999967e+05 5.930000000000000000e+02
1.114531680000000051e+05 4.804866020000010612e+05 5.970000000000000000e+02
1.834784629999999888e+05 4.483362860000000219e+05 6.180000000000000000e+02
1.408475730000000040e+05 4.655777770000000019e+05 6.190000000000000000e+02
1.351317229999999981e+05 3.941629610000000102e+05 6.410000000000000000e+02
1.444803000000000175e+05 4.291283899999990244e+05 6.510000000000000000e+02
1.827675599999999977e+05 3.329838859999999986e+05 7.070000000000000000e+02
9.619502000000000407e+04 4.399859430000000284e+05 7.170000000000000000e+02
1.704255180000000109e+05 3.689971369999999879e+05 7.410000000000000000e+02
1.318103280000000086e+05 3.944846149999999907e+05 7.810000000000000000e+02
1.183819079999999958e+05 4.029616809999999823e+05 8.170000000000000000e+02
2.329778260000000009e+05 5.547200500000000466e+05 8.380000000000000000e+02
1.655298880000000063e+05 4.505035929999999935e+05 8.400000000000000000e+02
1.815829590000000026e+05 4.265874029999999912e+05 8.550000000000000000e+02
1.673717669999999925e+05 3.722599060000000172e+05 8.690000000000000000e+02
4.498711600000000180e+04 3.896260980000010459e+05 8.920000000000000000e+02
1.869720769999999902e+05 3.548775669999999809e+05 8.980000000000000000e+02
1.815880510000000068e+05 3.248929460000009858e+05 9.000000000000000000e+02
1.303069799999999959e+05 5.170731390000000247e+05 9.250000000000000000e+02
1.858604159999999974e+05 4.340374529999999795e+05 9.470000000000000000e+02
1.577159690000000119e+05 3.794544189999999944e+05 9.520000000000000000e+02
9.542988999999999942e+04 4.506859359999999870e+05 9.670000000000000000e+02
1.468701469999999972e+05 4.857533719999999739e+05 9.730000000000000000e+02
1.019027799999999988e+05 4.678224199999999837e+05 9.860000000000000000e+02
1.725097360000000044e+05 4.475373009999999776e+05 1.006000000000000000e+03
1.343440830000000133e+05 4.442075749999990221e+05 1.019000000000000000e+03
1.198103399999999965e+05 4.936823399999990361e+05 1.031000000000000000e+03
1.197100120000000024e+05 4.109076219999999739e+05 1.040000000000000000e+03
2.343830819999999949e+05 4.779552430000000168e+05 1.055000000000000000e+03
9.879801200000000244e+04 4.321198699999999953e+05 1.090000000000000000e+03
1.079924119999999966e+05 4.282660300000000279e+05 1.091000000000000000e+03
1.120127580000000016e+05 4.533330410000000265e+05 1.096000000000000000e+03
1.441719189999999944e+05 3.924801959999999963e+05 1.097000000000000000e+03
1.919984159999999974e+05 4.490498860000030254e+05 1.100000000000000000e+03
1.492827529999999970e+05 4.166760829999999842e+05 1.114000000000000000e+03
1.937608644999999960e+05 4.591759991700000246e+05 1.174000000000000000e+03
8.224602999999999884e+04 4.495830300000000279e+05 1.178000000000000000e+03
1.807794472900000110e+05 5.288988172000000486e+05 1.194000000000000000e+03
1.646443740000000107e+05 3.795472440000000061e+05 1.208000000000000000e+03
9.591596700000000419e+04 4.624998389999999781e+05 1.212000000000000000e+03
8.029997299999999814e+04 3.862232390000000014e+05 1.217000000000000000e+03
1.808653960000000079e+05 3.234855009999999893e+05 1.221000000000000000e+03
7.729412700000000768e+04 4.338572019999999902e+05 1.234000000000000000e+03
9.451966740999999456e+04 4.272206017899999861e+05 1.241000000000000000e+03
1.597277030000000086e+05 4.350331689999999944e+05 1.250000000000000000e+03
2.101665210000000079e+05 5.266277839999999851e+05 1.280000000000000000e+03
1.890649970000000030e+05 4.665021919999999809e+05 1.289000000000000000e+03
9.124424300000000221e+04 4.241596510000000126e+05 1.295000000000000000e+03
2.112895799999999872e+05 4.723648439999999828e+05 1.305000000000000000e+03
1.791649320000000007e+05 5.363287630000000354e+05 1.323000000000000000e+03
1.255402069999999949e+05 4.839595470000000205e+05 1.326000000000000000e+03
1.272167970000000059e+05 4.714667839999999851e+05 1.331000000000000000e+03
2.114949525699999940e+05 5.220276553999999887e+05 1.336000000000000000e+03
1.977457429999999877e+05 4.995985750000000116e+05 1.371000000000000000e+03
1.383393442900000082e+05 4.516203310700000147e+05 1.390000000000000000e+03
1.236160380000000005e+05 4.827480829999999842e+05 1.462000000000000000e+03
1.906480569900000119e+05 5.542705182199999690e+05 1.514000000000000000e+03
1.081589060000000027e+05 4.504486500000000233e+05 1.533000000000000000e+03
1.768395029999999970e+05 4.302634839999999967e+05 1.534000000000000000e+03
1.873847060000000056e+05 3.461249569999999949e+05 1.535000000000000000e+03
1.125037519999999931e+05 4.818451109999999753e+05 1.539000000000000000e+03
1.094940540000000037e+05 3.978287260000000242e+05 1.542000000000000000e+03
1.260675280000000057e+05 4.547940000000000000e+05 1.617000000000000000e+03
1.563058630000000121e+05 4.614516560000000172e+05 1.624000000000000000e+03
1.391465210000000079e+05 4.567360380000000005e+05 1.633000000000000000e+03
1.142630960000000050e+05 3.944673570000000182e+05 1.635000000000000000e+03
4.906974700000000303e+04 3.894313279999999795e+05 1.637000000000000000e+03
1.572037850000000035e+05 4.635605640000000130e+05 1.643000000000000000e+03
2.251910039500000130e+05 5.246527841600000393e+05 1.694000000000000000e+03
1.063936501799999969e+05 4.972318302200000035e+05 1.700000000000000000e+03
2.018985460000000021e+05 5.031672260000000242e+05 1.703000000000000000e+03
2.429726050000000105e+05 4.614753059999999823e+05 1.705000000000000000e+03
1.412270780000000086e+05 4.527118099999999977e+05 1.774000000000000000e+03
6.159497299999999814e+04 4.265815920000000042e+05 1.775000000000000000e+03
8.876503299999999581e+04 4.519703489999999874e+05 1.823000000000000000e+03
1.606963489999999874e+05 3.915794020000000019e+05 1.848000000000000000e+03
1.344131039999999921e+05 4.526738969999999972e+05 1.854000000000000000e+03
2.478471080000000075e+05 4.782697750000000233e+05 1.874000000000000000e+03
8.472541700000000128e+04 3.914364729999999981e+05 1.875000000000000000e+03
1.794473409999999858e+05 4.339334890000000014e+05 1.879000000000000000e+03
1.304745899999999965e+05 4.280973339999999735e+05 1.883000000000000000e+03
1.093947441399999952e+05 5.033303003100000205e+05 1.887000000000000000e+03
1.287953659999999945e+05 4.614524230000000098e+05 1.909000000000000000e+03
