1.390895109999999986e+05 4.522453790000000154e+05 8.000000000000000000e+01
1.191170000000000000e+05 4.914840000000000000e+05 9.100000000000000000e+01
9.758982000000000698e+04 4.314088800000000047e+05 9.400000000000000000e+01
1.725345080000000016e+05 3.815383890000000247e+05 1.140000000000000000e+02
9.633626300000000629e+04 4.395518470000000088e+05 1.230000000000000000e+02
1.474802520000000077e+05 3.737907980000000098e+05 1.390000000000000000e+02
2.048111790000000037e+05 3.669925540000000037e+05 1.420000000000000000e+02
1.728325260000000126e+05 5.142204120000000112e+05 2.110000000000000000e+02
6.795891048999999475e+04 3.818993833800000139e+05 2.180000000000000000e+02
1.039302773500000039e+05 4.206838025800000178e+05 2.300000000000000000e+02
1.441737960000000021e+05 3.924929799999999814e+05 2.380000000000000000e+02
1.956066609999999928e+05 4.654594369999999763e+05 2.420000000000000000e+02
1.622936879999999946e+05 3.795522170000000042e+05 2.590000000000000000e+02
1.791039800999999861e+05 4.330361406599999755e+05 2.600000000000000000e+02
1.689778230000000040e+05 4.107159629999999888e+05 2.760000000000000000e+02
1.222681950000000070e+05 3.962084569999999949e+05 2.940000000000000000e+02
2.562117919999999867e+05 5.723194379999999655e+05 3.030000000000000000e+02
9.371335899999999674e+04 4.310445750000000116e+05 3.240000000000000000e+02
2.100009301400000113e+05 4.721639568899999722e+05 3.290000000000000000e+02
1.571114940000000061e+05 3.904080619999999763e+05 3.420000000000000000e+02
1.817845869999999995e+05 4.257759220000000205e+05 3.730000000000000000e+02
1.676152220000000088e+05 4.644639459999999963e+05 3.880000000000000000e+02
5.765418499999999767e+04 3.872581450000000186e+05 3.950000000000000000e+02
1.842887380000000121e+05 4.471423169999999809e+05 4.120000000000000000e+02
1.824683379999999888e+05 4.861507130000020261e+05 4.130000000000000000e+02
3.824821399999999994e+04 3.917897029999999795e+05 4.180000000000000000e+02
2.292933440000000119e+05 5.406864429999999702e+05 4.230000000000000000e+02
1.226557449999999953e+05 4.826924760000000242e+05 4.360000000000000000e+02
1.572163559999999998e+05 4.938274020000030287e+05 4.390000000000000000e+02
2.419650810000000056e+05 5.561570979999999981e+05 4.410000000000000000e+02
2.414256389999999956e+05 4.823330399999999790e+05 4.520000000000000000e+02
1.969295686700000078e+05 3.960160192800000077e+05 4.780000000000000000e+02
2.018217580000000016e+05 5.672178789999999572e+05 5.050000000000000000e+02
1.015396290000000008e+05 4.097744579999999842e+05 5.210000000000000000e+02
1.258591140000000014e+05 4.845511570000000065e+05 5.500000000000000000e+02
2.027534629999999888e+05 5.038793539999999921e+05 5.610000000000000000e+02
1.168299339999999938e+05 4.534386190000000061e+05 5.700000000000000000e+02
1.804482140000000072e+05 4.481700229999999865e+05 5.830000000000000000e+02
1.287610500000000029e+05 4.616514340000000084e+05 5.980000000000000000e+02
1.793489490100000112e+05 5.220654787600010168e+05 6.080000000000000000e+02
1.640650150000000140e+05 5.002188969999999972e+05 6.170000000000000000e+02
1.408475730000000040e+05 4.655777770000000019e+05 6.190000000000000000e+02
1.178686180000000022e+05 4.965365779999999795e+05 6.380000000000000000e+02
1.444803000000000175e+05 4.291283899999990244e+05 6.510000000000000000e+02
1.678443019999999960e+05 4.154274459999999963e+05 6.970000000000000000e+02
1.285621649999999936e+05 4.544932779999999912e+05 7.340000000000000000e+02
2.344932008299999870e+05 4.442528100100000156e+05 7.780000000000000000e+02
1.121289499999999971e+05 4.834262069999999949e+05 8.100000000000000000e+02
1.539469029999999912e+05 5.670490320000000065e+05 8.150000000000000000e+02
8.187044500000000698e+04 4.318418119999999763e+05 8.330000000000000000e+02
8.626349800000000687e+04 4.465801840000000084e+05 8.360000000000000000e+02
9.060355999999999767e+04 3.933955540000000037e+05 8.630000000000000000e+02
1.610840260000000126e+05 4.727357849999999744e+05 8.750000000000000000e+02
1.828881350000000093e+05 4.237672989999999991e+05 8.810000000000000000e+02
1.869720769999999902e+05 3.548775669999999809e+05 8.980000000000000000e+02
1.078613270000000048e+05 4.926424420000010286e+05 9.210000000000000000e+02
1.443615240000000049e+05 4.720708589999999967e+05 9.280000000000000000e+02
1.577159690000000119e+05 3.794544189999999944e+05 9.520000000000000000e+02
8.586007700000000477e+04 4.329765979999999981e+05 9.700000000000000000e+02
1.312272284999999974e+05 5.180240304999999935e+05 9.720000000000000000e+02
1.907133420000000042e+05 3.253808100000030245e+05 9.830000000000000000e+02
1.725097360000000044e+05 4.475373009999999776e+05 1.006000000000000000e+03
1.017288650000000052e+05 4.282161730000000098e+05 1.017000000000000000e+03
1.343440830000000133e+05 4.442075749999990221e+05 1.019000000000000000e+03
1.197100120000000024e+05 4.109076219999999739e+05 1.040000000000000000e+03
2.094440700000000070e+05 5.210979199999999837e+05 1.074000000000000000e+03
2.059945646499999857e+05 4.371077235399999772e+05 1.077000000000000000e+03
1.500642399999999907e+05 4.156084060000000172e+05 1.081000000000000000e+03
8.028590000000000873e+04 3.913249628299999749e+05 1.088000000000000000e+03
1.276471839999999938e+05 4.835856680000000051e+05 1.093000000000000000e+03
1.120127580000000016e+05 4.533330410000000265e+05 1.096000000000000000e+03
1.441719189999999944e+05 3.924801959999999963e+05 1.097000000000000000e+03
1.919984159999999974e+05 4.490498860000030254e+05 1.100000000000000000e+03
1.367342490000000107e+05 4.803689470000020228e+05 1.134000000000000000e+03
9.647700000000000000e+04 4.366430000000000000e+05 1.206000000000000000e+03
8.323700000000000000e+04 4.505980000000000000e+05 1.233000000000000000e+03
1.105747020000000048e+05 4.787364180000021006e+05 1.244000000000000000e+03
1.513796969999999856e+05 4.591580360000000219e+05 1.247000000000000000e+03
1.972503949999999895e+05 4.737809589999999735e+05 1.249000000000000000e+03
1.896455150000000140e+05 5.537384520000000484e+05 1.251000000000000000e+03
1.893378179999999993e+05 3.479499550000000163e+05 1.265000000000000000e+03
8.485043200000000070e+04 4.367013800000000047e+05 1.269000000000000000e+03
9.502212099999999919e+04 4.619323479999999981e+05 1.294000000000000000e+03
1.748301250000000000e+05 3.652527700000000186e+05 1.349000000000000000e+03
2.367012989999999991e+05 5.732772340000000549e+05 1.374000000000000000e+03
1.851876890000000130e+05 3.293894239999999991e+05 1.383000000000000000e+03
2.344631030000000028e+05 5.780038969999999972e+05 1.384000000000000000e+03
1.387456900000000023e+05 4.580343979999999865e+05 1.404000000000000000e+03
7.331641599999999744e+04 4.347025709999999963e+05 1.435000000000000000e+03
1.101696389999999956e+05 4.273981670000000158e+05 1.440000000000000000e+03
9.946600000000000000e+04 4.333470000000000000e+05 1.443000000000000000e+03
1.253740580000000045e+05 4.770011180000000168e+05 1.492000000000000000e+03
1.523378660000000091e+05 4.530294459999999963e+05 1.500000000000000000e+03
1.991286436899999972e+05 3.588705257899999851e+05 1.536000000000000000e+03
1.485194860000000044e+05 4.081732449999999953e+05 1.555000000000000000e+03
1.380671719999999914e+05 4.397086190000019851e+05 1.565000000000000000e+03
2.364728750000000000e+05 5.817501489999999758e+05 1.570000000000000000e+03
1.097832489999999962e+05 3.969408080000000191e+05 1.611000000000000000e+03
2.330282563300000038e+05 5.078540238499999978e+05 1.627000000000000000e+03
7.914883599999999569e+04 3.780786599999999744e+05 1.641000000000000000e+03
2.485945659999999916e+05 4.737314490000000224e+05 1.642000000000000000e+03
1.389553850000000093e+05 4.557822220000000088e+05 1.662000000000000000e+03
1.186378460000000050e+05 3.966569459999999963e+05 1.677000000000000000e+03
2.066478900000000140e+05 3.785725100000000093e+05 1.732000000000000000e+03
1.415180670000000100e+05 4.526479540000000270e+05 1.741000000000000000e+03
1.025468549999999959e+05 4.440789170000000158e+05 1.742000000000000000e+03
1.597241339999999909e+05 4.350426500000000233e+05 1.758000000000000000e+03
8.821104799999999523e+04 4.198278130000000237e+05 1.779000000000000000e+03
9.267784037999999418e+04 4.396293324499999871e+05 1.790000000000000000e+03
1.243388070000000007e+05 4.266093319999999949e+05 1.801000000000000000e+03
1.227266070000000036e+05 4.923776550000000279e+05 1.821000000000000000e+03
1.052520000000000000e+05 4.971410000000000000e+05 1.842000000000000000e+03
1.580899789999999921e+05 4.657147860000000219e+05 1.849000000000000000e+03
2.070882300000000105e+05 4.712775800000000163e+05 1.857000000000000000e+03
1.787766369999999879e+05 3.197845509999999776e+05 1.882000000000000000e+03
8.483432799999999406e+04 4.534905979999999981e+05 1.899000000000000000e+03
1.698089863499999919e+05 5.790487125900000101e+05 1.902000000000000000e+03
1.287953659999999945e+05 4.614524230000000098e+05 1.909000000000000000e+03
1.262313530000000028e+05 4.895297000000000116e+05 1.917000000000000000e+03
1.330760409999999974e+05 4.533790210000000079e+05 1.924000000000000000e+03
