8.452495900000000256e+04 4.579585979999999981e+05 1.100000000000000000e+01
1.433839290000000037e+05 5.596916369999999879e+05 2.000000000000000000e+01
1.029030540000000037e+05 4.696158570000000182e+05 3.100000000000000000e+01
2.189322030000000086e+05 5.767234660000000149e+05 4.500000000000000000e+01
8.547515447999999742e+04 4.129488256099999999e+05 4.600000000000000000e+01
1.435066350000000093e+05 4.308723260000000009e+05 4.900000000000000000e+01
1.608516235400000005e+05 4.974975097800000221e+05 6.800000000000000000e+01
1.275198559999999998e+05 4.707105109999999986e+05 1.280000000000000000e+02
1.322177380800000101e+05 4.408326709300000221e+05 1.290000000000000000e+02
2.279037944100000022e+05 4.754396086099999957e+05 1.580000000000000000e+02
1.491410929999999935e+05 4.144353260000000009e+05 1.690000000000000000e+02
2.561584310000000114e+05 5.733977410000000382e+05 2.090000000000000000e+02
1.501071867700000003e+05 4.888851232300000265e+05 2.290000000000000000e+02
1.956066609999999928e+05 4.654594369999999763e+05 2.420000000000000000e+02
1.640389610000000102e+05 5.002368049999999930e+05 2.430000000000000000e+02
1.564049590000000026e+05 3.859890530000000144e+05 2.540000000000000000e+02
1.972381780000000144e+05 4.766136579999999958e+05 2.620000000000000000e+02
2.209188306100000045e+05 4.735257405300000100e+05 2.720000000000000000e+02
8.060658699999999953e+04 3.885539050000000279e+05 3.260000000000000000e+02
1.571114940000000061e+05 3.904080619999999763e+05 3.420000000000000000e+02
1.064268420000000042e+05 4.584188009999999776e+05 3.650000000000000000e+02
1.817845869999999995e+05 4.257759220000000205e+05 3.730000000000000000e+02
9.054334299999999348e+04 4.311302569999999832e+05 3.740000000000000000e+02
1.312537900000000081e+05 5.491841720000000205e+05 3.900000000000000000e+02
1.094835219999999972e+05 4.569848780000000261e+05 4.020000000000000000e+02
1.689741320000000123e+05 4.495932569999999832e+05 4.190000000000000000e+02
1.812480000000000000e+05 3.302120000000000000e+05 4.330000000000000000e+02
1.227740810000000056e+05 4.818058680000000168e+05 4.680000000000000000e+02
1.073341269999999931e+05 5.299680420000000158e+05 4.700000000000000000e+02
9.490405599999999686e+04 4.042403769999999786e+05 4.790000000000000000e+02
2.018217580000000016e+05 5.672178789999999572e+05 5.050000000000000000e+02
1.325288500000000058e+05 4.575423680000000168e+05 5.130000000000000000e+02
1.072677529999999970e+05 4.056953290000000270e+05 5.490000000000000000e+02
1.697603300000000163e+05 4.074431560000000172e+05 5.580000000000000000e+02
1.843889649999999965e+05 3.796866419999999925e+05 5.600000000000000000e+02
1.316786169999999984e+05 4.583408630000000121e+05 5.690000000000000000e+02
2.463419370000000054e+05 5.273507500000000000e+05 5.900000000000000000e+02
1.114531680000000051e+05 4.804866020000010612e+05 5.970000000000000000e+02
4.053246048999999766e+04 4.119644561400000239e+05 6.150000000000000000e+02
1.834784629999999888e+05 4.483362860000000219e+05 6.180000000000000000e+02
1.178686180000000022e+05 4.965365779999999795e+05 6.380000000000000000e+02
2.083015199999999895e+05 4.351716219999999739e+05 6.660000000000000000e+02
2.279725819999999949e+05 5.801842920000000158e+05 7.400000000000000000e+02
1.310697330800000054e+05 4.537584803800000227e+05 7.560000000000000000e+02
9.299430700000000070e+04 4.686032939999999944e+05 7.590000000000000000e+02
2.001506879999999946e+05 3.773725000000000000e+05 7.830000000000000000e+02
1.180871380000000063e+05 4.882318679999989690e+05 7.950000000000000000e+02
8.768185000000000582e+04 4.321280569999999716e+05 8.190000000000000000e+02
8.683451200000000244e+04 4.545546780000000144e+05 8.210000000000000000e+02
2.296783839999999909e+05 5.417439660000000149e+05 8.260000000000000000e+02
8.626349800000000687e+04 4.465801840000000084e+05 8.360000000000000000e+02
1.769886659999999974e+05 4.295014239999999991e+05 8.520000000000000000e+02
1.378405287400000088e+05 4.589355902500000084e+05 8.580000000000000000e+02
1.689544679999999935e+05 4.495820790000000270e+05 8.590000000000000000e+02
1.673717669999999925e+05 3.722599060000000172e+05 8.690000000000000000e+02
1.712033159999999916e+05 4.824289029999999912e+05 9.170000000000000000e+02
8.924337600000000384e+04 3.949815289999999804e+05 9.260000000000000000e+02
8.439341999999999825e+04 4.324331979999999749e+05 9.290000000000000000e+02
1.842273859999999986e+05 4.225583809999999939e+05 9.370000000000000000e+02
1.118953270000000048e+05 4.845723960000019870e+05 9.580000000000000000e+02
1.782918619999999937e+05 3.170790690000000177e+05 9.800000000000000000e+02
1.017288650000000052e+05 4.282161730000000098e+05 1.017000000000000000e+03
1.660881529999999912e+05 4.781237579999999725e+05 1.049000000000000000e+03
2.343830819999999949e+05 4.779552430000000168e+05 1.055000000000000000e+03
1.858066069999999891e+05 3.407040090000000200e+05 1.061000000000000000e+03
2.094440700000000070e+05 5.210979199999999837e+05 1.074000000000000000e+03
2.551822360000000044e+05 5.272870370000000112e+05 1.099000000000000000e+03
1.919984159999999974e+05 4.490498860000030254e+05 1.100000000000000000e+03
1.492827529999999970e+05 4.166760829999999842e+05 1.114000000000000000e+03
1.400535500000000175e+05 4.004840169999999925e+05 1.159000000000000000e+03
1.937608644999999960e+05 4.591759991700000246e+05 1.174000000000000000e+03
8.224602999999999884e+04 4.495830300000000279e+05 1.178000000000000000e+03
8.264959527999999409e+04 4.372593978800000041e+05 1.179000000000000000e+03
1.041959222699999955e+05 4.120754188299999805e+05 1.185000000000000000e+03
9.647700000000000000e+04 4.366430000000000000e+05 1.206000000000000000e+03
1.646443740000000107e+05 3.795472440000000061e+05 1.208000000000000000e+03
1.491569869999999937e+05 4.079992129999999888e+05 1.261000000000000000e+03
2.526215499999999884e+05 4.699944970000009635e+05 1.266000000000000000e+03
2.392560000000000000e+05 4.495290000000000000e+05 1.276000000000000000e+03
1.714117080800000113e+05 4.186944446899999748e+05 1.282000000000000000e+03
1.328182767699999968e+05 4.491607556600000244e+05 1.339000000000000000e+03
1.753009690000000119e+05 5.190768879999999772e+05 1.344000000000000000e+03
1.900600620000000054e+05 3.526030690000000177e+05 1.348000000000000000e+03
1.265852979999999952e+05 4.862744689999999828e+05 1.359000000000000000e+03
9.591001499999999942e+04 4.625308380000020261e+05 1.368000000000000000e+03
1.270688439999999973e+05 5.099440300000000279e+05 1.381000000000000000e+03
1.429479480000000040e+05 4.568483389999999781e+05 1.386000000000000000e+03
1.431680000000000000e+05 4.733820000000000000e+05 1.391000000000000000e+03
1.815864109999999928e+05 3.628175889999999781e+05 1.397000000000000000e+03
7.331641599999999744e+04 4.347025709999999963e+05 1.435000000000000000e+03
9.946600000000000000e+04 4.333470000000000000e+05 1.443000000000000000e+03
1.426804739999999874e+05 4.323135470000000205e+05 1.463000000000000000e+03
6.342052599999999802e+04 3.837110420000000158e+05 1.498000000000000000e+03
1.708646199999999953e+05 5.604988649999999907e+05 1.499000000000000000e+03
1.913985439999999944e+05 5.536274939999999478e+05 1.516000000000000000e+03
1.081589060000000027e+05 4.504486500000000233e+05 1.533000000000000000e+03
1.803571020000000135e+05 4.361395709999999963e+05 1.625000000000000000e+03
8.173594100000000617e+04 4.454515740000000224e+05 1.626000000000000000e+03
9.811500000000000000e+04 3.966240000000000000e+05 1.638000000000000000e+03
1.236508959999999934e+05 5.018527420000000275e+05 1.682000000000000000e+03
1.372830000000000000e+05 4.799945109999999986e+05 1.720000000000000000e+03
2.275141790000000037e+05 5.250552820000000065e+05 1.728000000000000000e+03
1.723030659999999916e+05 4.651446340000000200e+05 1.757000000000000000e+03
9.544474800000000687e+04 4.506986089999999967e+05 1.765000000000000000e+03
1.412270780000000086e+05 4.527118099999999977e+05 1.774000000000000000e+03
8.821104799999999523e+04 4.198278130000000237e+05 1.779000000000000000e+03
9.260268399999999383e+04 4.396326180000000168e+05 1.795000000000000000e+03
1.097391119999999937e+05 5.064609139999999898e+05 1.817000000000000000e+03
1.247816849999999977e+05 4.286475540000000037e+05 1.818000000000000000e+03
8.835494500000000698e+04 4.405206290000000154e+05 1.844000000000000000e+03
8.912964199999999255e+04 3.948165630000000237e+05 1.851000000000000000e+03
1.611142039999999979e+05 3.936411720000000205e+05 1.885000000000000000e+03
8.506515000000000873e+04 4.533599729999999981e+05 1.925000000000000000e+03
1.577622710000000079e+05 4.651754600000000210e+05 1.929000000000000000e+03
