1.675577540000000154e+05 4.141003890000000247e+05 5.000000000000000000e+00
6.772750000000000000e+04 4.396397569999999832e+05 1.400000000000000000e+01
2.318592559999999939e+05 5.794200810000000056e+05 3.800000000000000000e+01
1.182178889999999956e+05 4.968926670000039740e+05 6.500000000000000000e+01
1.087655359999999928e+05 4.885372229999999981e+05 7.400000000000000000e+01
1.830654510000000009e+05 3.299528310000000056e+05 7.800000000000000000e+01
1.201466589999999997e+05 4.107456969999999856e+05 8.100000000000000000e+01
9.377462200000000303e+04 4.690850669999999809e+05 1.010000000000000000e+02
9.633626300000000629e+04 4.395518470000000088e+05 1.230000000000000000e+02
1.897179139999999898e+05 3.482371780000000144e+05 1.350000000000000000e+02
1.474802520000000077e+05 3.737907980000000098e+05 1.390000000000000000e+02
1.492710190000000002e+05 4.166689720000000088e+05 1.700000000000000000e+02
1.640389610000000102e+05 5.002368049999999930e+05 2.430000000000000000e+02
9.174023476000000664e+04 4.587447166299999808e+05 2.530000000000000000e+02
1.791039800999999861e+05 4.330361406599999755e+05 2.600000000000000000e+02
1.444806130000000121e+05 4.712424359999999870e+05 2.730000000000000000e+02
5.260805200000000332e+04 3.888390999999999767e+05 3.280000000000000000e+02
2.100009301400000113e+05 4.721639568899999722e+05 3.290000000000000000e+02
8.669975100000000384e+04 4.380909650000000256e+05 3.670000000000000000e+02
7.418571400000000722e+04 4.356042289999999921e+05 3.850000000000000000e+02
1.312537900000000081e+05 5.491841720000000205e+05 3.900000000000000000e+02
1.063602119999999995e+05 4.291748709999999846e+05 3.920000000000000000e+02
1.172560170000000071e+05 4.262695800000000163e+05 4.000000000000000000e+02
1.842887380000000121e+05 4.471423169999999809e+05 4.120000000000000000e+02
1.824683379999999888e+05 4.861507130000020261e+05 4.130000000000000000e+02
2.348091799999999930e+05 5.031192770000000019e+05 4.750000000000000000e+02
1.447516609999999928e+05 4.286381479999999865e+05 5.300000000000000000e+02
8.642344599999999627e+04 4.064945540000000037e+05 5.550000000000000000e+02
1.168299339999999938e+05 4.534386190000000061e+05 5.700000000000000000e+02
1.613884949999999953e+05 3.897582299999999814e+05 5.880000000000000000e+02
9.200316499999999360e+04 4.307835339999999851e+05 5.940000000000000000e+02
1.287610500000000029e+05 4.616514340000000084e+05 5.980000000000000000e+02
9.717109799999999814e+04 4.348631469999999972e+05 6.520000000000000000e+02
2.385869530000000086e+05 4.858954330000000191e+05 6.530000000000000000e+02
1.528890460000000021e+05 3.892339920000000275e+05 6.590000000000000000e+02
1.062762029999999941e+05 4.079739920000000275e+05 7.160000000000000000e+02
9.619502000000000407e+04 4.399859430000000284e+05 7.170000000000000000e+02
1.310697330800000054e+05 4.537584803800000227e+05 7.560000000000000000e+02
1.318103280000000086e+05 3.944846149999999907e+05 7.810000000000000000e+02
1.429599605199999933e+05 4.568384567500000121e+05 7.870000000000000000e+02
1.859454590000000026e+05 3.789921759999999776e+05 7.910000000000000000e+02
2.640037260000000242e+05 5.765799910000000382e+05 7.930000000000000000e+02
1.180871380000000063e+05 4.882318679999989690e+05 7.950000000000000000e+02
1.639840609999999870e+05 3.765685839999999735e+05 8.040000000000000000e+02
8.917389900000000489e+04 4.316745590000000084e+05 8.160000000000000000e+02
8.772872656999999890e+04 4.110278917200000142e+05 8.220000000000000000e+02
1.452416050000000105e+05 4.712154830000000075e+05 8.300000000000000000e+02
8.626349800000000687e+04 4.465801840000000084e+05 8.360000000000000000e+02
2.329778260000000009e+05 5.547200500000000466e+05 8.380000000000000000e+02
9.498339100000000326e+04 4.293575540000000037e+05 8.570000000000000000e+02
1.810973649999999907e+05 5.234916560000000172e+05 8.740000000000000000e+02
1.610840260000000126e+05 4.727357849999999744e+05 8.750000000000000000e+02
1.080014269999999960e+05 4.758269519999999902e+05 9.300000000000000000e+02
1.105616250000000000e+05 4.544059930000000168e+05 9.460000000000000000e+02
1.577159690000000119e+05 3.794544189999999944e+05 9.520000000000000000e+02
2.016673660000000091e+05 5.723425330000000540e+05 9.540000000000000000e+02
8.586007700000000477e+04 4.329765979999999981e+05 9.700000000000000000e+02
1.554154139999999898e+05 5.691074279999999562e+05 9.760000000000000000e+02
1.907133420000000042e+05 3.253808100000030245e+05 9.830000000000000000e+02
1.015020000000000000e+05 4.300680000000000000e+05 1.013000000000000000e+03
1.343440830000000133e+05 4.442075749999990221e+05 1.019000000000000000e+03
1.527570000000000000e+05 3.774030000000000000e+05 1.024000000000000000e+03
1.483180982099999965e+05 4.873394698000000208e+05 1.043000000000000000e+03
4.168233600000000297e+04 4.127740680000000284e+05 1.046000000000000000e+03
2.059945646499999857e+05 4.371077235399999772e+05 1.077000000000000000e+03
1.276471839999999938e+05 4.835856680000000051e+05 1.093000000000000000e+03
1.879596250000000000e+05 3.281072160000019940e+05 1.094000000000000000e+03
8.063634500000000116e+04 3.893062779999999912e+05 1.129000000000000000e+03
1.041959222699999955e+05 4.120754188299999805e+05 1.185000000000000000e+03
2.070271879999999946e+05 4.369128300000000163e+05 1.243000000000000000e+03
1.972503949999999895e+05 4.737809589999999735e+05 1.249000000000000000e+03
1.896455150000000140e+05 5.537384520000000484e+05 1.251000000000000000e+03
7.616747500000000582e+04 4.400090619999999763e+05 1.254000000000000000e+03
2.526215499999999884e+05 4.699944970000009635e+05 1.266000000000000000e+03
2.101665210000000079e+05 5.266277839999999851e+05 1.280000000000000000e+03
9.480293799999999464e+04 4.616868260000000009e+05 1.303000000000000000e+03
1.516168189999999886e+05 4.141724450000000070e+05 1.333000000000000000e+03
1.753009690000000119e+05 5.190768879999999772e+05 1.344000000000000000e+03
1.748301250000000000e+05 3.652527700000000186e+05 1.349000000000000000e+03
1.243027799999999988e+05 5.027635050000000047e+05 1.357000000000000000e+03
1.424291849999999977e+05 4.562349639999999781e+05 1.358000000000000000e+03
1.114500000000000000e+05 5.195200000000000000e+05 1.366000000000000000e+03
1.270688439999999973e+05 5.099440300000000279e+05 1.381000000000000000e+03
6.274161299999999756e+04 4.278891909999999916e+05 1.388000000000000000e+03
1.383393442900000082e+05 4.516203310700000147e+05 1.390000000000000000e+03
1.268750000000000000e+05 4.877100000000000000e+05 1.405000000000000000e+03
1.252687205399999948e+05 4.793422685599999968e+05 1.408000000000000000e+03
1.069320139999999956e+05 4.746762180000009830e+05 1.436000000000000000e+03
1.004369419999999955e+05 4.425290229999999865e+05 1.445000000000000000e+03
1.236160380000000005e+05 4.827480829999999842e+05 1.462000000000000000e+03
6.342052599999999802e+04 3.837110420000000158e+05 1.498000000000000000e+03
1.523378660000000091e+05 4.530294459999999963e+05 1.500000000000000000e+03
1.784189980600000126e+05 4.296389940000000061e+05 1.527000000000000000e+03
1.081589060000000027e+05 4.504486500000000233e+05 1.533000000000000000e+03
1.873847060000000056e+05 3.461249569999999949e+05 1.535000000000000000e+03
1.091936110000000044e+05 3.988697170000000042e+05 1.537000000000000000e+03
1.128736710000000021e+05 4.825924280000000144e+05 1.547000000000000000e+03
1.709010659999999916e+05 4.508464770000000135e+05 1.551000000000000000e+03
1.380671719999999914e+05 4.397086190000019851e+05 1.565000000000000000e+03
1.205646169999999984e+05 4.139285279999999912e+05 1.567000000000000000e+03
1.887545705399999861e+05 4.131073400799999945e+05 1.572000000000000000e+03
2.544160868400000036e+05 5.852751809900000226e+05 1.615000000000000000e+03
1.186378460000000050e+05 3.966569459999999963e+05 1.677000000000000000e+03
9.131247999999999593e+04 4.516216269999999786e+05 1.690000000000000000e+03
2.251910039500000130e+05 5.246527841600000393e+05 1.694000000000000000e+03
2.018985460000000021e+05 5.031672260000000242e+05 1.703000000000000000e+03
1.372830000000000000e+05 4.799945109999999986e+05 1.720000000000000000e+03
2.066478900000000140e+05 3.785725100000000093e+05 1.732000000000000000e+03
1.079580120000000024e+05 5.003560829999999842e+05 1.767000000000000000e+03
8.738575100000000384e+04 4.424637669999999925e+05 1.819000000000000000e+03
1.227266070000000036e+05 4.923776550000000279e+05 1.821000000000000000e+03
1.231315489999999991e+05 4.279284409999999916e+05 1.822000000000000000e+03
1.940244970000000030e+05 4.022791429999999818e+05 1.830000000000000000e+03
1.577497159999999858e+05 4.653221859999999870e+05 1.839000000000000000e+03
1.982586419999999925e+05 4.953397440000000061e+05 1.841000000000000000e+03
1.606963489999999874e+05 3.915794020000000019e+05 1.848000000000000000e+03
1.287953659999999945e+05 4.614524230000000098e+05 1.909000000000000000e+03
1.330760409999999974e+05 4.533790210000000079e+05 1.924000000000000000e+03
8.506515000000000873e+04 4.533599729999999981e+05 1.925000000000000000e+03
8.709862900000000081e+04 4.523164920000000275e+05 1.935000000000000000e+03
