1.182238249999999971e+05 4.104810729999999749e+05 1.200000000000000000e+01
1.433839290000000037e+05 5.596916369999999879e+05 2.000000000000000000e+01
1.817959560000000056e+05 4.278496450000000186e+05 3.300000000000000000e+01
2.318592559999999939e+05 5.794200810000000056e+05 3.800000000000000000e+01
1.408302015799999936e+05 4.655801860800000140e+05 4.100000000000000000e+01
2.260489355400000059e+05 4.743508699699999997e+05 7.200000000000000000e+01
1.241102329999999929e+05 4.793859560000000056e+05 8.500000000000000000e+01
9.377462200000000303e+04 4.690850669999999809e+05 1.010000000000000000e+02
1.158700981800000009e+05 4.531238402299999725e+05 1.320000000000000000e+02
1.474802520000000077e+05 3.737907980000000098e+05 1.390000000000000000e+02
2.048111790000000037e+05 3.669925540000000037e+05 1.420000000000000000e+02
2.083846739999999991e+05 5.077029689999999828e+05 1.550000000000000000e+02
6.795891048999999475e+04 3.818993833800000139e+05 2.180000000000000000e+02
1.039302773500000039e+05 4.206838025800000178e+05 2.300000000000000000e+02
1.441737960000000021e+05 3.924929799999999814e+05 2.380000000000000000e+02
1.640389610000000102e+05 5.002368049999999930e+05 2.430000000000000000e+02
8.519501799999999639e+04 4.379783670000000275e+05 2.470000000000000000e+02
1.180676135199999990e+05 4.885911087100000004e+05 2.960000000000000000e+02
1.465773421699999890e+05 4.855777403000000049e+05 3.340000000000000000e+02
1.616356969999999856e+05 3.947287810000000172e+05 3.930000000000000000e+02
2.523465180000000109e+05 5.275394620000000577e+05 3.990000000000000000e+02
1.172560170000000071e+05 4.262695800000000163e+05 4.000000000000000000e+02
1.723355849999999919e+05 4.831173879999999772e+05 4.170000000000000000e+02
1.812480000000000000e+05 3.302120000000000000e+05 4.330000000000000000e+02
1.109184039999999950e+05 4.075794760000000242e+05 4.510000000000000000e+02
1.271660139999999956e+05 4.841971639999999898e+05 4.730000000000000000e+02
9.636562799999999697e+04 4.370035520000000251e+05 4.820000000000000000e+02
1.040148319999999949e+05 4.247679760000000242e+05 4.920000000000000000e+02
1.015396290000000008e+05 4.097744579999999842e+05 5.210000000000000000e+02
1.287610500000000029e+05 4.616514340000000084e+05 5.980000000000000000e+02
1.793489490100000112e+05 5.220654787600010168e+05 6.080000000000000000e+02
1.590283310000000056e+05 4.644209890000000014e+05 6.130000000000000000e+02
1.444803000000000175e+05 4.291283899999990244e+05 6.510000000000000000e+02
2.385869530000000086e+05 4.858954330000000191e+05 6.530000000000000000e+02
1.308573228499999968e+05 5.224822547899999772e+05 6.570000000000000000e+02
9.715136999999999534e+04 4.311531770000000251e+05 6.910000000000000000e+02
1.871755679999999993e+05 4.897379450000000070e+05 7.290000000000000000e+02
1.746187360000000044e+05 4.471894969999999739e+05 7.330000000000000000e+02
2.513689707099999941e+05 6.024947699599999469e+05 7.450000000000000000e+02
7.153443700000000536e+04 4.381223819999999832e+05 7.640000000000000000e+02
1.934411089999999967e+05 4.552698119999999763e+05 7.740000000000000000e+02
1.859454590000000026e+05 3.789921759999999776e+05 7.910000000000000000e+02
2.465491160000000091e+05 5.768047560000000522e+05 8.010000000000000000e+02
8.683451200000000244e+04 4.545546780000000144e+05 8.210000000000000000e+02
1.769886659999999974e+05 4.295014239999999991e+05 8.520000000000000000e+02
9.819566599999999744e+04 4.495677119999999995e+05 8.540000000000000000e+02
1.689544679999999935e+05 4.495820790000000270e+05 8.590000000000000000e+02
1.074378810099999973e+05 4.886518664400000125e+05 8.820000000000000000e+02
2.228912600000000093e+05 4.736293499999999767e+05 8.940000000000000000e+02
1.869720769999999902e+05 3.548775669999999809e+05 8.980000000000000000e+02
1.467947919999999867e+05 4.136947590000000200e+05 9.200000000000000000e+02
1.080014269999999960e+05 4.758269519999999902e+05 9.300000000000000000e+02
1.842273859999999986e+05 4.225583809999999939e+05 9.370000000000000000e+02
9.738046455000000424e+04 4.062203049100000062e+05 9.440000000000000000e+02
1.347961221800000058e+05 4.812589013500000001e+05 9.560000000000000000e+02
1.541191559999999881e+05 4.687868780000000261e+05 9.680000000000000000e+02
8.586007700000000477e+04 4.329765979999999981e+05 9.700000000000000000e+02
1.856735409999999974e+05 3.386387800000000279e+05 9.840000000000000000e+02
1.017288650000000052e+05 4.282161730000000098e+05 1.017000000000000000e+03
7.972154697999999917e+04 4.375601724099999992e+05 1.030000000000000000e+03
2.059945646499999857e+05 4.371077235399999772e+05 1.077000000000000000e+03
8.028590000000000873e+04 3.913249628299999749e+05 1.088000000000000000e+03
1.120127580000000016e+05 4.533330410000000265e+05 1.096000000000000000e+03
1.272708950000000041e+05 4.119343159999999916e+05 1.115000000000000000e+03
1.895297362300000095e+05 3.775501137500000186e+05 1.123000000000000000e+03
1.876466650000000081e+05 4.335384510000000009e+05 1.156000000000000000e+03
2.289199029999999912e+05 5.399978070000000298e+05 1.162000000000000000e+03
1.972613330000000133e+05 4.766193570000000182e+05 1.177000000000000000e+03
8.224602999999999884e+04 4.495830300000000279e+05 1.178000000000000000e+03
1.492330169999999925e+05 4.072313200000000070e+05 1.184000000000000000e+03
1.977069727800000110e+05 4.664505296400000225e+05 1.190000000000000000e+03
1.337460688000000082e+05 4.455020876600000192e+05 1.200000000000000000e+03
1.646443740000000107e+05 3.795472440000000061e+05 1.208000000000000000e+03
1.922760830000000133e+05 4.500543219999999856e+05 1.220000000000000000e+03
1.893378179999999993e+05 3.479499550000000163e+05 1.265000000000000000e+03
1.687320500000000175e+05 4.061332390000000014e+05 1.278000000000000000e+03
8.912552300000000105e+04 3.938294220000000205e+05 1.286000000000000000e+03
1.810756259999999893e+05 4.415605929999999935e+05 1.293000000000000000e+03
9.124424300000000221e+04 4.241596510000000126e+05 1.295000000000000000e+03
1.272167970000000059e+05 4.714667839999999851e+05 1.331000000000000000e+03
2.114949525699999940e+05 5.220276553999999887e+05 1.336000000000000000e+03
1.251400684000000037e+05 5.049284941300000064e+05 1.356000000000000000e+03
9.234918822999999975e+04 4.594254572700000135e+05 1.364000000000000000e+03
9.591001499999999942e+04 4.625308380000020261e+05 1.368000000000000000e+03
1.977457429999999877e+05 4.995985750000000116e+05 1.371000000000000000e+03
2.367012989999999991e+05 5.732772340000000549e+05 1.374000000000000000e+03
2.062361840000000084e+05 3.806159259999999776e+05 1.377000000000000000e+03
1.101696389999999956e+05 4.273981670000000158e+05 1.440000000000000000e+03
2.000036909999999916e+05 3.562527189999999828e+05 1.452000000000000000e+03
1.051054521300000051e+05 4.978939654299999820e+05 1.461000000000000000e+03
1.273800000000000000e+05 4.362640000000000000e+05 1.469000000000000000e+03
1.523378660000000091e+05 4.530294459999999963e+05 1.500000000000000000e+03
1.913985439999999944e+05 5.536274939999999478e+05 1.516000000000000000e+03
7.530939500000000407e+04 4.354064280000000144e+05 1.544000000000000000e+03
1.380671719999999914e+05 4.397086190000019851e+05 1.565000000000000000e+03
1.103235669999999955e+05 3.907813869999999879e+05 1.569000000000000000e+03
2.558873040000000037e+05 5.686740760000000009e+05 1.576000000000000000e+03
1.149319020000000019e+05 4.827550180000009714e+05 1.599000000000000000e+03
1.174126340000000055e+05 3.963639959999999846e+05 1.621000000000000000e+03
1.389553850000000093e+05 4.557822220000000088e+05 1.662000000000000000e+03
2.251910039500000130e+05 5.246527841600000393e+05 1.694000000000000000e+03
9.681998399999999674e+04 4.407840729999999749e+05 1.751000000000000000e+03
1.114031030000000028e+05 4.863744319999999716e+05 1.755000000000000000e+03
1.723030659999999916e+05 4.651446340000000200e+05 1.757000000000000000e+03
2.483159040000000095e+05 4.668903250000000116e+05 1.766000000000000000e+03
1.412270780000000086e+05 4.527118099999999977e+05 1.774000000000000000e+03
1.672967460000000137e+05 4.644000650000000023e+05 1.780000000000000000e+03
3.339767700000000332e+04 3.889868890000000247e+05 1.788000000000000000e+03
1.075840289999999950e+05 4.996236639999999898e+05 1.798000000000000000e+03
1.786107500000000000e+05 3.195849689999999828e+05 1.804000000000000000e+03
1.341094169999999867e+05 4.527577609999999986e+05 1.831000000000000000e+03
8.835494500000000698e+04 4.405206290000000154e+05 1.844000000000000000e+03
1.606963489999999874e+05 3.915794020000000019e+05 1.848000000000000000e+03
1.485571559999999881e+05 4.584114930000000168e+05 1.855000000000000000e+03
1.092450929999999935e+05 5.254150000000000000e+05 1.862000000000000000e+03
2.478471080000000075e+05 4.782697750000000233e+05 1.874000000000000000e+03
1.794473409999999858e+05 4.339334890000000014e+05 1.879000000000000000e+03
1.287953659999999945e+05 4.614524230000000098e+05 1.909000000000000000e+03
1.218984520000000048e+05 4.929787739999999758e+05 1.918000000000000000e+03
1.250473300000000017e+05 4.287422849999999744e+05 1.927000000000000000e+03
