1.182238249999999971e+05 4.104810729999999749e+05 1.200000000000000000e+01
1.029030540000000037e+05 4.696158570000000182e+05 3.100000000000000000e+01
2.189322030000000086e+05 5.767234660000000149e+05 4.500000000000000000e+01
2.370218603500000027e+05 5.687233222799999639e+05 5.500000000000000000e+01
1.182178889999999956e+05 4.968926670000039740e+05 6.500000000000000000e+01
2.260489355400000059e+05 4.743508699699999997e+05 7.200000000000000000e+01
1.643193289999999979e+05 4.745389650000000256e+05 1.030000000000000000e+02
9.654305400000000373e+04 4.386880860000000102e+05 1.220000000000000000e+02
1.531495890000000072e+05 4.599078269999999902e+05 1.300000000000000000e+02
1.335469049999999988e+05 4.544066940000000177e+05 1.540000000000000000e+02
1.359276879999999946e+05 3.948187440000000061e+05 1.770000000000000000e+02
8.457289100000000326e+04 4.516781830000000191e+05 1.910000000000000000e+02
1.276175960000000050e+05 4.666503560000000289e+05 2.070000000000000000e+02
1.728325260000000126e+05 5.142204120000000112e+05 2.110000000000000000e+02
6.795891048999999475e+04 3.818993833800000139e+05 2.180000000000000000e+02
1.039302773500000039e+05 4.206838025800000178e+05 2.300000000000000000e+02
2.042975640000000130e+05 5.351402410000000382e+05 2.610000000000000000e+02
5.260805200000000332e+04 3.888390999999999767e+05 3.280000000000000000e+02
1.312537900000000081e+05 5.491841720000000205e+05 3.900000000000000000e+02
1.564775409999999974e+05 5.676384429999999702e+05 4.010000000000000000e+02
1.094835219999999972e+05 4.569848780000000261e+05 4.020000000000000000e+02
1.614068127600000007e+05 3.897361869799999986e+05 4.080000000000000000e+02
1.842887380000000121e+05 4.471423169999999809e+05 4.120000000000000000e+02
2.050830890000000072e+05 5.689288510000000242e+05 4.290000000000000000e+02
1.227740810000000056e+05 4.818058680000000168e+05 4.680000000000000000e+02
2.064142999999999884e+05 4.367663680000000168e+05 4.980000000000000000e+02
1.957150000000000000e+05 4.440360000000000000e+05 5.170000000000000000e+02
8.382921799999999348e+04 4.408805669999999809e+05 5.320000000000000000e+02
1.034697010000000009e+05 4.717952370000020019e+05 5.570000000000000000e+02
1.168299339999999938e+05 4.534386190000000061e+05 5.700000000000000000e+02
1.974411648700000078e+05 4.788934162099999958e+05 5.840000000000000000e+02
1.080265758000000060e+05 4.262942737799999886e+05 5.960000000000000000e+02
1.834784629999999888e+05 4.483362860000000219e+05 6.180000000000000000e+02
1.444803000000000175e+05 4.291283899999990244e+05 6.510000000000000000e+02
1.528890460000000021e+05 3.892339920000000275e+05 6.590000000000000000e+02
2.086432399999999907e+05 4.719176159999999800e+05 6.840000000000000000e+02
1.337537930000000051e+05 4.117613879999999772e+05 7.080000000000000000e+02
1.062762029999999941e+05 4.079739920000000275e+05 7.160000000000000000e+02
1.253660720000000001e+05 4.302024890000000014e+05 7.240000000000000000e+02
2.491580750000000116e+05 5.278460470000000205e+05 7.510000000000000000e+02
1.639840609999999870e+05 3.765685839999999735e+05 8.040000000000000000e+02
8.768185000000000582e+04 4.321280569999999716e+05 8.190000000000000000e+02
1.653661149999999907e+05 4.640020960000000196e+05 8.230000000000000000e+02
2.329778260000000009e+05 5.547200500000000466e+05 8.380000000000000000e+02
7.395868200000000070e+04 4.353170189999999711e+05 8.390000000000000000e+02
1.309841680000000051e+05 5.206141979999999749e+05 8.720000000000000000e+02
1.610840260000000126e+05 4.727357849999999744e+05 8.750000000000000000e+02
1.074378810099999973e+05 4.886518664400000125e+05 8.820000000000000000e+02
8.151744000000000233e+04 4.458768879999999772e+05 8.850000000000000000e+02
1.185988479999999981e+05 4.906747980000021053e+05 8.900000000000000000e+02
8.439341999999999825e+04 4.324331979999999749e+05 9.290000000000000000e+02
1.697016080000000075e+05 4.086874400000000023e+05 9.340000000000000000e+02
1.577159690000000119e+05 3.794544189999999944e+05 9.520000000000000000e+02
1.807336469199999992e+05 5.288891468899999745e+05 9.660000000000000000e+02
1.782918619999999937e+05 3.170790690000000177e+05 9.800000000000000000e+02
9.494057102000000305e+04 4.315251833699999843e+05 9.970000000000000000e+02
2.269158509199999971e+05 5.798216452600000193e+05 1.014000000000000000e+03
1.017288650000000052e+05 4.282161730000000098e+05 1.017000000000000000e+03
1.483180982099999965e+05 4.873394698000000208e+05 1.043000000000000000e+03
2.078333189999999886e+05 5.063445999999999767e+05 1.070000000000000000e+03
2.059945646499999857e+05 4.371077235399999772e+05 1.077000000000000000e+03
1.152802219999999943e+05 4.818535530000000144e+05 1.082000000000000000e+03
1.492827529999999970e+05 4.166760829999999842e+05 1.114000000000000000e+03
1.515621947199999995e+05 4.898192474100000109e+05 1.130000000000000000e+03
2.004026602399999974e+05 3.890059004200000199e+05 1.173000000000000000e+03
1.977069727800000110e+05 4.664505296400000225e+05 1.190000000000000000e+03
1.646443740000000107e+05 3.795472440000000061e+05 1.208000000000000000e+03
8.029997299999999814e+04 3.862232390000000014e+05 1.217000000000000000e+03
2.265789729999999981e+05 5.320536639999999898e+05 1.232000000000000000e+03
1.105747020000000048e+05 4.787364180000021006e+05 1.244000000000000000e+03
1.597277030000000086e+05 4.350331689999999944e+05 1.250000000000000000e+03
1.896455150000000140e+05 5.537384520000000484e+05 1.251000000000000000e+03
7.616747500000000582e+04 4.400090619999999763e+05 1.254000000000000000e+03
1.893378179999999993e+05 3.479499550000000163e+05 1.265000000000000000e+03
2.526215499999999884e+05 4.699944970000009635e+05 1.266000000000000000e+03
1.934047729999999865e+05 4.082785509999999776e+05 1.267000000000000000e+03
2.007473349999999919e+05 5.019344940000000061e+05 1.271000000000000000e+03
2.101665210000000079e+05 5.266277839999999851e+05 1.280000000000000000e+03
8.912552300000000105e+04 3.938294220000000205e+05 1.286000000000000000e+03
1.890649970000000030e+05 4.665021919999999809e+05 1.289000000000000000e+03
1.977592069999999949e+05 3.925454810000000289e+05 1.291000000000000000e+03
9.124424300000000221e+04 4.241596510000000126e+05 1.295000000000000000e+03
1.635012259999999951e+05 5.635464869999999646e+05 1.322000000000000000e+03
1.261034450000000070e+05 4.749403859999999986e+05 1.327000000000000000e+03
1.867035920000000042e+05 3.286375260000000126e+05 1.334000000000000000e+03
1.328182767699999968e+05 4.491607556600000244e+05 1.339000000000000000e+03
1.841431689999999944e+05 3.302719070000000065e+05 1.352000000000000000e+03
9.234918822999999975e+04 4.594254572700000135e+05 1.364000000000000000e+03
1.386033189999999886e+05 4.533411890000000130e+05 1.378000000000000000e+03
1.383393442900000082e+05 4.516203310700000147e+05 1.390000000000000000e+03
1.812956739999999991e+05 4.378455740000000224e+05 1.438000000000000000e+03
1.669486749899999995e+05 4.160061934299999848e+05 1.496000000000000000e+03
6.342052599999999802e+04 3.837110420000000158e+05 1.498000000000000000e+03
1.523378660000000091e+05 4.530294459999999963e+05 1.500000000000000000e+03
8.518186100000000442e+04 4.532859830000000075e+05 1.528000000000000000e+03
1.103235669999999955e+05 3.907813869999999879e+05 1.569000000000000000e+03
1.887545705399999861e+05 4.131073400799999945e+05 1.572000000000000000e+03
1.501978129999999946e+05 4.090716959999999963e+05 1.597000000000000000e+03
1.706788349999999919e+05 4.496439479999999749e+05 1.602000000000000000e+03
1.072053469999999943e+05 3.985877689999999711e+05 1.606000000000000000e+03
1.358562650000000140e+05 4.424755329999999958e+05 1.609000000000000000e+03
1.803571020000000135e+05 4.361395709999999963e+05 1.625000000000000000e+03
7.914883599999999569e+04 3.780786599999999744e+05 1.641000000000000000e+03
1.389553850000000093e+05 4.557822220000000088e+05 1.662000000000000000e+03
1.452295089999999909e+05 4.721854799999999814e+05 1.674000000000000000e+03
1.186378460000000050e+05 3.966569459999999963e+05 1.677000000000000000e+03
1.408380620000000054e+05 4.782679600000000210e+05 1.688000000000000000e+03
9.131247999999999593e+04 4.516216269999999786e+05 1.690000000000000000e+03
9.094083800000000338e+04 4.390819760000000242e+05 1.709000000000000000e+03
9.681998399999999674e+04 4.407840729999999749e+05 1.751000000000000000e+03
9.020048799999999756e+04 4.387787679999999818e+05 1.754000000000000000e+03
9.544474800000000687e+04 4.506986089999999967e+05 1.765000000000000000e+03
1.689693010000000068e+05 4.645224870000000228e+05 1.787000000000000000e+03
2.395389670000000042e+05 4.787530329999999958e+05 1.815000000000000000e+03
1.097391119999999937e+05 5.064609139999999898e+05 1.817000000000000000e+03
1.253537970000000059e+05 4.302069490000000224e+05 1.837000000000000000e+03
1.577497159999999858e+05 4.653221859999999870e+05 1.839000000000000000e+03
1.749095659999999916e+05 4.665068069999999716e+05 1.863000000000000000e+03
1.814359979999999923e+05 4.285342750000000233e+05 1.894000000000000000e+03
1.856608170000000100e+05 3.417600619999999763e+05 1.896000000000000000e+03
