3.139677200000000084e+04 3.964738859999999986e+05 0.000000000000000000e+00
1.810497799999999988e+05 5.474598869999999879e+05 7.000000000000000000e+00
1.113252459999999992e+05 4.534189820000000182e+05 3.000000000000000000e+01
1.087655359999999928e+05 4.885372229999999981e+05 7.400000000000000000e+01
8.668768124999999418e+04 4.542211968099999940e+05 7.900000000000000000e+01
1.543148079999999900e+05 4.687603790000000154e+05 8.400000000000000000e+01
1.474802520000000077e+05 3.737907980000000098e+05 1.390000000000000000e+02
1.335469049999999988e+05 4.544066940000000177e+05 1.540000000000000000e+02
2.279037944100000022e+05 4.754396086099999957e+05 1.580000000000000000e+02
1.696130260000000126e+05 3.701441359999999986e+05 1.630000000000000000e+02
1.080196371999999974e+05 4.262937689300000202e+05 1.850000000000000000e+02
2.624760000000000000e+05 5.775090000000000000e+05 2.030000000000000000e+02
1.728325260000000126e+05 5.142204120000000112e+05 2.110000000000000000e+02
1.442418600000000151e+05 4.117381049999999814e+05 2.320000000000000000e+02
1.441737960000000021e+05 3.924929799999999814e+05 2.380000000000000000e+02
1.640389610000000102e+05 5.002368049999999930e+05 2.430000000000000000e+02
2.461453390000000072e+05 4.796343989999999758e+05 2.450000000000000000e+02
1.992529634500000102e+05 4.097752089200000046e+05 2.510000000000000000e+02
1.959487172600000049e+05 5.732766338499999838e+05 2.700000000000000000e+02
1.078534279999999999e+05 4.926335719999999856e+05 2.780000000000000000e+02
1.222681950000000070e+05 3.962084569999999949e+05 2.940000000000000000e+02
8.487017600000000675e+04 4.368128369999999995e+05 3.040000000000000000e+02
2.339597159000000102e+05 5.803710230000000447e+05 3.200000000000000000e+02
1.767513209999999963e+05 3.814982829999999958e+05 3.300000000000000000e+02
1.571114940000000061e+05 3.904080619999999763e+05 3.420000000000000000e+02
2.132819480000000040e+05 4.726175260000000126e+05 3.460000000000000000e+02
1.030492824799999944e+05 4.168478019799999893e+05 3.490000000000000000e+02
1.579770419999999867e+05 4.515290619999999763e+05 3.520000000000000000e+02
1.629140760000000009e+05 3.998502300000030082e+05 3.800000000000000000e+02
1.586298740000000107e+05 4.686492910000000265e+05 3.820000000000000000e+02
1.904850000000000000e+05 5.543200000000000000e+05 4.340000000000000000e+02
1.106810000000000000e+05 5.179750000000000000e+05 4.740000000000000000e+02
9.982611500000000524e+04 4.421554270000000251e+05 5.240000000000000000e+02
1.178904750000000058e+05 4.852933609999999753e+05 5.250000000000000000e+02
1.186168469999999943e+05 4.982116979999999749e+05 5.260000000000000000e+02
1.722943720000000030e+05 4.475900729999999749e+05 5.760000000000000000e+02
1.640650150000000140e+05 5.002188969999999972e+05 6.170000000000000000e+02
1.842074280000000144e+05 4.225367409999999800e+05 6.260000000000000000e+02
1.932210000000000000e+05 4.654980000000000000e+05 6.810000000000000000e+02
2.507469530000000086e+05 5.765978530000000028e+05 7.090000000000000000e+02
1.383734150000000081e+05 3.953501080000000075e+05 7.650000000000000000e+02
1.451233159999999916e+05 4.299871940000000177e+05 8.050000000000000000e+02
8.917389900000000489e+04 4.316745590000000084e+05 8.160000000000000000e+02
1.815829590000000026e+05 4.265874029999999912e+05 8.550000000000000000e+02
1.939499215700000059e+05 3.514172325500000152e+05 8.700000000000000000e+02
1.610840260000000126e+05 4.727357849999999744e+05 8.750000000000000000e+02
1.716192000000000116e+05 3.677563279999999795e+05 8.800000000000000000e+02
1.288576469999999972e+05 4.816571259999999893e+05 9.040000000000000000e+02
8.439341999999999825e+04 4.324331979999999749e+05 9.290000000000000000e+02
1.080014269999999960e+05 4.758269519999999902e+05 9.300000000000000000e+02
1.577159690000000119e+05 3.794544189999999944e+05 9.520000000000000000e+02
8.586007700000000477e+04 4.329765979999999981e+05 9.700000000000000000e+02
2.010660000000000000e+05 5.023480000000000000e+05 1.007000000000000000e+03
1.198103399999999965e+05 4.936823399999990361e+05 1.031000000000000000e+03
1.197100120000000024e+05 4.109076219999999739e+05 1.040000000000000000e+03
2.367002555799999973e+05 5.731573810300000478e+05 1.044000000000000000e+03
1.312007328200000047e+05 4.585812464199999813e+05 1.051000000000000000e+03
1.858066069999999891e+05 3.407040090000000200e+05 1.061000000000000000e+03
1.041335549999999930e+05 4.239498740000000107e+05 1.064000000000000000e+03
2.059945646499999857e+05 4.371077235399999772e+05 1.077000000000000000e+03
8.028590000000000873e+04 3.913249628299999749e+05 1.088000000000000000e+03
9.879801200000000244e+04 4.321198699999999953e+05 1.090000000000000000e+03
1.079924119999999966e+05 4.282660300000000279e+05 1.091000000000000000e+03
1.951974970000000030e+05 4.964517299999999814e+05 1.095000000000000000e+03
1.441719189999999944e+05 3.924801959999999963e+05 1.097000000000000000e+03
1.974995834899999900e+05 5.452581385899999877e+05 1.101000000000000000e+03
1.367342490000000107e+05 4.803689470000020228e+05 1.134000000000000000e+03
8.224602999999999884e+04 4.495830300000000279e+05 1.178000000000000000e+03
9.647700000000000000e+04 4.366430000000000000e+05 1.206000000000000000e+03
1.646443740000000107e+05 3.795472440000000061e+05 1.208000000000000000e+03
1.215223627299999935e+05 4.829690607000010205e+05 1.213000000000000000e+03
2.002602760000000126e+05 5.652694610000000102e+05 1.222000000000000000e+03
1.579530000000000000e+05 3.802510000000000000e+05 1.240000000000000000e+03
7.616747500000000582e+04 4.400090619999999763e+05 1.254000000000000000e+03
9.480293799999999464e+04 4.616868260000000009e+05 1.303000000000000000e+03
6.552544099999999889e+04 4.296887399999999907e+05 1.306000000000000000e+03
1.539747690000000002e+05 5.670234200000000419e+05 1.318000000000000000e+03
2.114949525699999940e+05 5.220276553999999887e+05 1.336000000000000000e+03
2.216315201200000010e+05 5.782982315200000303e+05 1.365000000000000000e+03
9.591001499999999942e+04 4.625308380000020261e+05 1.368000000000000000e+03
1.836710799999999872e+05 5.520258469999999506e+05 1.370000000000000000e+03
1.270688439999999973e+05 5.099440300000000279e+05 1.381000000000000000e+03
1.059999130000000005e+05 4.736339620000020950e+05 1.387000000000000000e+03
1.383393442900000082e+05 4.516203310700000147e+05 1.390000000000000000e+03
1.329823647899999924e+05 4.478649795600000070e+05 1.393000000000000000e+03
1.252687205399999948e+05 4.793422685599999968e+05 1.408000000000000000e+03
1.945128740000000107e+05 3.206409820000000182e+05 1.437000000000000000e+03
8.635045799999999872e+04 4.526959859999999753e+05 1.448000000000000000e+03
1.914825560000000114e+05 5.754268869999999879e+05 1.465000000000000000e+03
1.052163549999999959e+05 4.486590690000000177e+05 1.467000000000000000e+03
1.409224819999999891e+05 4.355071520000000019e+05 1.490000000000000000e+03
1.669486749899999995e+05 4.160061934299999848e+05 1.496000000000000000e+03
1.541214800000000105e+05 4.131222839999999851e+05 1.520000000000000000e+03
1.081589060000000027e+05 4.504486500000000233e+05 1.533000000000000000e+03
1.768395029999999970e+05 4.302634839999999967e+05 1.534000000000000000e+03
1.161068629999999976e+05 4.001211759999999776e+05 1.593000000000000000e+03
1.501978129999999946e+05 4.090716959999999963e+05 1.597000000000000000e+03
1.149319020000000019e+05 4.827550180000009714e+05 1.599000000000000000e+03
1.167940449999999983e+05 4.533519060000000172e+05 1.619000000000000000e+03
1.803571020000000135e+05 4.361395709999999963e+05 1.625000000000000000e+03
1.142630960000000050e+05 3.944673570000000182e+05 1.635000000000000000e+03
1.102779729999999981e+05 3.938108709999999846e+05 1.655000000000000000e+03
1.389553850000000093e+05 4.557822220000000088e+05 1.662000000000000000e+03
1.452295089999999909e+05 4.721854799999999814e+05 1.674000000000000000e+03
1.905136510000000126e+05 4.479419400000000023e+05 1.684000000000000000e+03
1.109497100000000064e+05 4.857653530000000028e+05 1.697000000000000000e+03
2.066478900000000140e+05 3.785725100000000093e+05 1.732000000000000000e+03
2.278072639999999956e+05 5.280233889999999665e+05 1.749000000000000000e+03
8.821104799999999523e+04 4.198278130000000237e+05 1.779000000000000000e+03
1.072456359999999986e+05 4.056959139999999898e+05 1.796000000000000000e+03
8.658253599999999278e+04 4.139724799999999814e+05 1.806000000000000000e+03
1.097391119999999937e+05 5.064609139999999898e+05 1.817000000000000000e+03
8.881531299999999464e+04 3.942203169999999809e+05 1.827000000000000000e+03
1.242848450000000012e+05 4.912670979999999981e+05 1.834000000000000000e+03
1.253537970000000059e+05 4.302069490000000224e+05 1.837000000000000000e+03
1.982586419999999925e+05 4.953397440000000061e+05 1.841000000000000000e+03
1.196247519999999931e+05 4.922372409999999800e+05 1.889000000000000000e+03
1.796577174600000144e+05 4.676119057700000121e+05 1.910000000000000000e+03
1.097571940000000031e+05 5.064719280000000144e+05 1.922000000000000000e+03
8.867464500000000407e+04 4.400813389999999781e+05 1.926000000000000000e+03
