2.318592559999999939e+05 5.794200810000000056e+05 3.800000000000000000e+01
1.435066350000000093e+05 4.308723260000000009e+05 4.900000000000000000e+01
2.370218603500000027e+05 5.687233222799999639e+05 5.500000000000000000e+01
1.182178889999999956e+05 4.968926670000039740e+05 6.500000000000000000e+01
8.772145249999999942e+04 4.613945831400000025e+05 6.600000000000000000e+01
1.241102329999999929e+05 4.793859560000000056e+05 8.500000000000000000e+01
1.589019830000000075e+05 4.692282320000000182e+05 1.120000000000000000e+02
1.275198559999999998e+05 4.707105109999999986e+05 1.280000000000000000e+02
1.151264499999999971e+05 4.260978290000000270e+05 1.340000000000000000e+02
1.897179139999999898e+05 3.482371780000000144e+05 1.350000000000000000e+02
1.335469049999999988e+05 4.544066940000000177e+05 1.540000000000000000e+02
1.491316100000000151e+05 4.078501300000000047e+05 1.620000000000000000e+02
8.193550800000000163e+04 4.318144120000000112e+05 1.810000000000000000e+02
8.457289100000000326e+04 4.516781830000000191e+05 1.910000000000000000e+02
1.728325260000000126e+05 5.142204120000000112e+05 2.110000000000000000e+02
1.039302773500000039e+05 4.206838025800000178e+05 2.300000000000000000e+02
1.640389610000000102e+05 5.002368049999999930e+05 2.430000000000000000e+02
1.389753500000000058e+05 4.388059290000000037e+05 2.650000000000000000e+02
9.371335899999999674e+04 4.310445750000000116e+05 3.240000000000000000e+02
5.260805200000000332e+04 3.888390999999999767e+05 3.280000000000000000e+02
1.860820530000000144e+05 4.194818919999999925e+05 3.350000000000000000e+02
1.982432539999999863e+05 3.168918919999999925e+05 3.500000000000000000e+02
1.676152220000000088e+05 4.644639459999999963e+05 3.880000000000000000e+02
1.842887380000000121e+05 4.471423169999999809e+05 4.120000000000000000e+02
1.777068019999999960e+05 5.800777430000000168e+05 4.300000000000000000e+02
1.179318600000000006e+05 4.875672590000000200e+05 4.320000000000000000e+02
2.540820000000000000e+05 5.768160000000000000e+05 4.450000000000000000e+02
8.116100000000000000e+04 4.465010000000000000e+05 4.800000000000000000e+02
2.364052829999999958e+05 5.645248479999999981e+05 5.230000000000000000e+02
1.178904750000000058e+05 4.852933609999999753e+05 5.250000000000000000e+02
1.058312049300000072e+05 4.954471076200000243e+05 5.380000000000000000e+02
1.072677529999999970e+05 4.056953290000000270e+05 5.490000000000000000e+02
8.642344599999999627e+04 4.064945540000000037e+05 5.550000000000000000e+02
1.034697010000000009e+05 4.717952370000020019e+05 5.570000000000000000e+02
1.168299339999999938e+05 4.534386190000000061e+05 5.700000000000000000e+02
1.434980860000000102e+05 3.704475659999999916e+05 5.870000000000000000e+02
1.613884949999999953e+05 3.897582299999999814e+05 5.880000000000000000e+02
1.287610500000000029e+05 4.616514340000000084e+05 5.980000000000000000e+02
1.842074280000000144e+05 4.225367409999999800e+05 6.260000000000000000e+02
1.178686180000000022e+05 4.965365779999999795e+05 6.380000000000000000e+02
1.556030329999999958e+05 3.883416020000000135e+05 6.480000000000000000e+02
2.385869530000000086e+05 4.858954330000000191e+05 6.530000000000000000e+02
1.384577440000000061e+05 4.530792330000000075e+05 7.060000000000000000e+02
1.316694569999999949e+05 5.496963939999999711e+05 7.230000000000000000e+02
1.871755679999999993e+05 4.897379450000000070e+05 7.290000000000000000e+02
9.017383000000000175e+04 3.964917970000000205e+05 7.420000000000000000e+02
1.310697330800000054e+05 4.537584803800000227e+05 7.560000000000000000e+02
1.773143319999999949e+05 4.299542590000000200e+05 7.800000000000000000e+02
1.539469029999999912e+05 5.670490320000000065e+05 8.150000000000000000e+02
1.653661149999999907e+05 4.640020960000000196e+05 8.230000000000000000e+02
1.378405287400000088e+05 4.589355902500000084e+05 8.580000000000000000e+02
1.716192000000000116e+05 3.677563279999999795e+05 8.800000000000000000e+02
1.983555895799999998e+05 4.667344870499999961e+05 8.890000000000000000e+02
2.228912600000000093e+05 4.736293499999999767e+05 8.940000000000000000e+02
8.439341999999999825e+04 4.324331979999999749e+05 9.290000000000000000e+02
1.577159690000000119e+05 3.794544189999999944e+05 9.520000000000000000e+02
1.118953270000000048e+05 4.845723960000019870e+05 9.580000000000000000e+02
2.002370599999999977e+05 5.652715250000000233e+05 9.600000000000000000e+02
1.856735409999999974e+05 3.386387800000000279e+05 9.840000000000000000e+02
1.019027799999999988e+05 4.678224199999999837e+05 9.860000000000000000e+02
1.828241279999999970e+05 3.272762440000000061e+05 9.920000000000000000e+02
1.343440830000000133e+05 4.442075749999990221e+05 1.019000000000000000e+03
2.238327330000000075e+05 4.400974089999999851e+05 1.035000000000000000e+03
1.096923289999999979e+05 4.776803890000000247e+05 1.047000000000000000e+03
2.343830819999999949e+05 4.779552430000000168e+05 1.055000000000000000e+03
1.789634989899999928e+05 5.789504605699999956e+05 1.057000000000000000e+03
2.094440700000000070e+05 5.210979199999999837e+05 1.074000000000000000e+03
1.666639299999999930e+05 4.367852779999999912e+05 1.124000000000000000e+03
1.661707419999999984e+05 4.367812970000000205e+05 1.132000000000000000e+03
7.362509299999999348e+04 4.359978809999999939e+05 1.151000000000000000e+03
1.400535500000000175e+05 4.004840169999999925e+05 1.159000000000000000e+03
2.271177190000000119e+05 5.353188569999999600e+05 1.169000000000000000e+03
8.264959527999999409e+04 4.372593978800000041e+05 1.179000000000000000e+03
1.492330169999999925e+05 4.072313200000000070e+05 1.184000000000000000e+03
1.289856062800000072e+05 5.142702404400000232e+05 1.196000000000000000e+03
1.646443740000000107e+05 3.795472440000000061e+05 1.208000000000000000e+03
2.059848961499999859e+05 4.370986481299999868e+05 1.214000000000000000e+03
1.505645343400000129e+05 4.891053710399999982e+05 1.229000000000000000e+03
1.896455150000000140e+05 5.537384520000000484e+05 1.251000000000000000e+03
2.083433839999999909e+05 5.716635679999999702e+05 1.264000000000000000e+03
1.714117080800000113e+05 4.186944446899999748e+05 1.282000000000000000e+03
1.802897550000000047e+05 5.450953510000000242e+05 1.296000000000000000e+03
9.480293799999999464e+04 4.616868260000000009e+05 1.303000000000000000e+03
1.255402069999999949e+05 4.839595470000000205e+05 1.326000000000000000e+03
1.516168189999999886e+05 4.141724450000000070e+05 1.333000000000000000e+03
9.234918822999999975e+04 4.594254572700000135e+05 1.364000000000000000e+03
1.836710799999999872e+05 5.520258469999999506e+05 1.370000000000000000e+03
2.062361840000000084e+05 3.806159259999999776e+05 1.377000000000000000e+03
1.812956739999999991e+05 4.378455740000000224e+05 1.438000000000000000e+03
9.946600000000000000e+04 4.333470000000000000e+05 1.443000000000000000e+03
1.236160380000000005e+05 4.827480829999999842e+05 1.462000000000000000e+03
1.052163549999999959e+05 4.486590690000000177e+05 1.467000000000000000e+03
6.342052599999999802e+04 3.837110420000000158e+05 1.498000000000000000e+03
1.066857140000000072e+05 4.493390659999999916e+05 1.509000000000000000e+03
1.028530000000000000e+05 4.302600000000000000e+05 1.517000000000000000e+03
1.991286436899999972e+05 3.588705257899999851e+05 1.536000000000000000e+03
1.380671719999999914e+05 4.397086190000019851e+05 1.565000000000000000e+03
1.103235669999999955e+05 3.907813869999999879e+05 1.569000000000000000e+03
1.149319020000000019e+05 4.827550180000009714e+05 1.599000000000000000e+03
1.706788349999999919e+05 4.496439479999999749e+05 1.602000000000000000e+03
1.222803249999999971e+05 4.539553150000000023e+05 1.616000000000000000e+03
1.174126340000000055e+05 3.963639959999999846e+05 1.621000000000000000e+03
7.914883599999999569e+04 3.780786599999999744e+05 1.641000000000000000e+03
1.452295089999999909e+05 4.721854799999999814e+05 1.674000000000000000e+03
1.905136510000000126e+05 4.479419400000000023e+05 1.684000000000000000e+03
9.131247999999999593e+04 4.516216269999999786e+05 1.690000000000000000e+03
1.823605989999999874e+05 4.452171620000000112e+05 1.711000000000000000e+03
1.089733990000000049e+05 4.012763819999999832e+05 1.743000000000000000e+03
9.681998399999999674e+04 4.407840729999999749e+05 1.751000000000000000e+03
8.885717600000000675e+04 4.379286730000000098e+05 1.762000000000000000e+03
2.483159040000000095e+05 4.668903250000000116e+05 1.766000000000000000e+03
1.079580120000000024e+05 5.003560829999999842e+05 1.767000000000000000e+03
1.786107500000000000e+05 3.195849689999999828e+05 1.804000000000000000e+03
1.982586419999999925e+05 4.953397440000000061e+05 1.841000000000000000e+03
1.580899789999999921e+05 4.657147860000000219e+05 1.849000000000000000e+03
1.485571559999999881e+05 4.584114930000000168e+05 1.855000000000000000e+03
1.196247519999999931e+05 4.922372409999999800e+05 1.889000000000000000e+03
8.580912812999999733e+04 4.533917799600000144e+05 1.904000000000000000e+03
1.327889450000000070e+05 4.532461990000000224e+05 1.916000000000000000e+03
1.250473300000000017e+05 4.287422849999999744e+05 1.927000000000000000e+03
