1.104892489999999962e+05 4.531129710000000196e+05 2.300000000000000000e+01
1.703014819999999891e+05 4.372086909999999916e+05 5.100000000000000000e+01
2.260489355400000059e+05 4.743508699699999997e+05 7.200000000000000000e+01
1.241102329999999929e+05 4.793859560000000056e+05 8.500000000000000000e+01
9.633626300000000629e+04 4.395518470000000088e+05 1.230000000000000000e+02
1.193291300000000047e+05 4.834806919999999809e+05 1.270000000000000000e+02
1.322177380800000101e+05 4.408326709300000221e+05 1.290000000000000000e+02
1.474802520000000077e+05 3.737907980000000098e+05 1.390000000000000000e+02
2.083846739999999991e+05 5.077029689999999828e+05 1.550000000000000000e+02
1.491410929999999935e+05 4.144353260000000009e+05 1.690000000000000000e+02
1.492710190000000002e+05 4.166689720000000088e+05 1.700000000000000000e+02
2.495351339999999909e+05 5.277014540000000270e+05 1.720000000000000000e+02
2.564875100000000093e+05 5.772364200000000419e+05 2.080000000000000000e+02
2.561584310000000114e+05 5.733977410000000382e+05 2.090000000000000000e+02
9.477036165999999503e+04 4.277837159600000014e+05 2.190000000000000000e+02
1.501071867700000003e+05 4.888851232300000265e+05 2.290000000000000000e+02
1.039302773500000039e+05 4.206838025800000178e+05 2.300000000000000000e+02
1.564049590000000026e+05 3.859890530000000144e+05 2.540000000000000000e+02
1.040195489999999991e+05 4.301473400000000256e+05 2.800000000000000000e+02
2.155096739999999991e+05 4.730514880000000121e+05 2.930000000000000000e+02
1.503817019999999902e+05 4.025005700000000070e+05 3.130000000000000000e+02
2.339597159000000102e+05 5.803710230000000447e+05 3.200000000000000000e+02
5.260805200000000332e+04 3.888390999999999767e+05 3.280000000000000000e+02
1.064268420000000042e+05 4.584188009999999776e+05 3.650000000000000000e+02
8.669975100000000384e+04 4.380909650000000256e+05 3.670000000000000000e+02
2.324467140000000072e+05 5.590846469999999972e+05 3.780000000000000000e+02
1.676152220000000088e+05 4.644639459999999963e+05 3.880000000000000000e+02
2.203634189600000100e+05 5.774267414499999722e+05 4.100000000000000000e+02
1.842887380000000121e+05 4.471423169999999809e+05 4.120000000000000000e+02
1.311270020000000077e+05 5.294634039999999804e+05 4.620000000000000000e+02
1.227740810000000056e+05 4.818058680000000168e+05 4.680000000000000000e+02
7.905253100000000268e+04 4.315745459999999730e+05 5.120000000000000000e+02
1.325288500000000058e+05 4.575423680000000168e+05 5.130000000000000000e+02
1.957150000000000000e+05 4.440360000000000000e+05 5.170000000000000000e+02
1.058312049300000072e+05 4.954471076200000243e+05 5.380000000000000000e+02
9.622161400000000140e+04 4.308965700000000070e+05 5.410000000000000000e+02
1.072677529999999970e+05 4.056953290000000270e+05 5.490000000000000000e+02
3.824915400000000227e+04 3.918046919999999809e+05 5.590000000000000000e+02
9.762240300000000570e+04 4.064684469999999856e+05 6.060000000000000000e+02
1.834784629999999888e+05 4.483362860000000219e+05 6.180000000000000000e+02
1.178686180000000022e+05 4.965365779999999795e+05 6.380000000000000000e+02
2.385869530000000086e+05 4.858954330000000191e+05 6.530000000000000000e+02
1.528890460000000021e+05 3.892339920000000275e+05 6.590000000000000000e+02
3.117413000000000102e+04 3.711771720000000205e+05 6.720000000000000000e+02
1.636156149999999907e+05 4.015181749999999884e+05 7.050000000000000000e+02
1.384577440000000061e+05 4.530792330000000075e+05 7.060000000000000000e+02
1.871755679999999993e+05 4.897379450000000070e+05 7.290000000000000000e+02
2.513689707099999941e+05 6.024947699599999469e+05 7.450000000000000000e+02
2.022554180000000051e+05 3.849719610000000102e+05 7.490000000000000000e+02
1.157838880000000063e+05 3.964997330000000075e+05 7.530000000000000000e+02
8.400490399999999499e+04 4.404835619999999763e+05 7.570000000000000000e+02
1.523116755199999898e+05 4.692249872099999920e+05 7.680000000000000000e+02
1.859454590000000026e+05 3.789921759999999776e+05 7.910000000000000000e+02
1.973059310000000114e+05 3.950184225200000219e+05 8.080000000000000000e+02
1.539469029999999912e+05 5.670490320000000065e+05 8.150000000000000000e+02
8.917389900000000489e+04 4.316745590000000084e+05 8.160000000000000000e+02
1.875490160000000033e+05 3.540396340000000200e+05 8.410000000000000000e+02
1.303069799999999959e+05 5.170731390000000247e+05 9.250000000000000000e+02
1.080014269999999960e+05 4.758269519999999902e+05 9.300000000000000000e+02
1.697016080000000075e+05 4.086874400000000023e+05 9.340000000000000000e+02
1.105616250000000000e+05 4.544059930000000168e+05 9.460000000000000000e+02
8.586007700000000477e+04 4.329765979999999981e+05 9.700000000000000000e+02
1.903407119999999995e+05 4.922470430000000051e+05 1.004000000000000000e+03
1.832183129999999946e+05 3.288530079999999725e+05 1.005000000000000000e+03
8.547105292000000190e+04 4.478373433700000169e+05 1.023000000000000000e+03
7.972154697999999917e+04 4.375601724099999992e+05 1.030000000000000000e+03
1.198103399999999965e+05 4.936823399999990361e+05 1.031000000000000000e+03
1.197100120000000024e+05 4.109076219999999739e+05 1.040000000000000000e+03
1.692856199999999953e+05 4.370019330000000191e+05 1.060000000000000000e+03
1.102216450000000041e+05 4.889703229999999749e+05 1.075000000000000000e+03
1.152802219999999943e+05 4.818535530000000144e+05 1.082000000000000000e+03
2.105366203300000052e+05 5.152536950499999803e+05 1.104000000000000000e+03
9.647700000000000000e+04 4.366430000000000000e+05 1.206000000000000000e+03
1.646443740000000107e+05 3.795472440000000061e+05 1.208000000000000000e+03
1.922760830000000133e+05 4.500543219999999856e+05 1.220000000000000000e+03
8.323700000000000000e+04 4.505980000000000000e+05 1.233000000000000000e+03
1.513796969999999856e+05 4.591580360000000219e+05 1.247000000000000000e+03
1.934047729999999865e+05 4.082785509999999776e+05 1.267000000000000000e+03
1.810756259999999893e+05 4.415605929999999935e+05 1.293000000000000000e+03
1.456504580000000133e+05 4.271795959999990300e+05 1.299000000000000000e+03
7.029024899999999616e+04 4.310239349999999977e+05 1.309000000000000000e+03
1.748301250000000000e+05 3.652527700000000186e+05 1.349000000000000000e+03
1.265852979999999952e+05 4.862744689999999828e+05 1.359000000000000000e+03
9.234918822999999975e+04 4.594254572700000135e+05 1.364000000000000000e+03
9.591001499999999942e+04 4.625308380000020261e+05 1.368000000000000000e+03
1.977457429999999877e+05 4.995985750000000116e+05 1.371000000000000000e+03
1.429479480000000040e+05 4.568483389999999781e+05 1.386000000000000000e+03
1.059999130000000005e+05 4.736339620000020950e+05 1.387000000000000000e+03
9.366775500000000466e+04 4.026009529999999795e+05 1.416000000000000000e+03
2.507972859999999928e+05 4.663049959999999846e+05 1.457000000000000000e+03
1.883613040000000037e+05 5.563683080000020564e+05 1.466000000000000000e+03
1.273800000000000000e+05 4.362640000000000000e+05 1.469000000000000000e+03
1.066857140000000072e+05 4.493390659999999916e+05 1.509000000000000000e+03
1.871269219999999914e+05 3.215049029999999912e+05 1.524000000000000000e+03
1.873847060000000056e+05 3.461249569999999949e+05 1.535000000000000000e+03
1.704648940000000002e+05 4.525213979999999865e+05 1.538000000000000000e+03
5.262531700000000274e+04 3.888576149999999907e+05 1.557000000000000000e+03
1.103235669999999955e+05 3.907813869999999879e+05 1.569000000000000000e+03
1.222803249999999971e+05 4.539553150000000023e+05 1.616000000000000000e+03
2.273580089999999909e+05 4.405286670000000158e+05 1.656000000000000000e+03
1.470217539999999863e+05 4.770523649999999907e+05 1.671000000000000000e+03
1.454185640000000130e+05 4.522284070000000065e+05 1.701000000000000000e+03
2.149620000000000000e+05 4.906280000000000000e+05 1.707000000000000000e+03
1.810869910000000091e+05 4.415557880000000005e+05 1.713000000000000000e+03
1.372830000000000000e+05 4.799945109999999986e+05 1.720000000000000000e+03
1.025468549999999959e+05 4.440789170000000158e+05 1.742000000000000000e+03
2.371034489999999932e+05 5.257335320000000065e+05 1.746000000000000000e+03
8.877950299999999697e+04 4.519521180000000168e+05 1.759000000000000000e+03
1.079580120000000024e+05 5.003560829999999842e+05 1.767000000000000000e+03
8.821104799999999523e+04 4.198278130000000237e+05 1.779000000000000000e+03
1.672967460000000137e+05 4.644000650000000023e+05 1.780000000000000000e+03
8.876503299999999581e+04 4.519703489999999874e+05 1.823000000000000000e+03
1.253537970000000059e+05 4.302069490000000224e+05 1.837000000000000000e+03
1.052520000000000000e+05 4.971410000000000000e+05 1.842000000000000000e+03
1.794473409999999858e+05 4.339334890000000014e+05 1.879000000000000000e+03
1.574998209999999963e+05 4.646412849999999744e+05 1.884000000000000000e+03
1.572437872400000051e+05 4.659139660700000240e+05 1.905000000000000000e+03
1.796577174600000144e+05 4.676119057700000121e+05 1.910000000000000000e+03
