7.044950299999999697e+04 4.389974689999999828e+05 1.500000000000000000e+01
1.883036639999999898e+05 5.079288570000010077e+05 4.800000000000000000e+01
2.370218603500000027e+05 5.687233222799999639e+05 5.500000000000000000e+01
1.182178889999999956e+05 4.968926670000039740e+05 6.500000000000000000e+01
1.814474219999999914e+05 4.363579550000000163e+05 9.000000000000000000e+01
9.377462200000000303e+04 4.690850669999999809e+05 1.010000000000000000e+02
1.814111680000000051e+05 5.747720400000000373e+05 1.090000000000000000e+02
1.033800910000000003e+05 4.117558190000000177e+05 1.600000000000000000e+02
1.728694809999999998e+05 3.667745189999999711e+05 2.100000000000000000e+02
1.640389610000000102e+05 5.002368049999999930e+05 2.430000000000000000e+02
2.461453390000000072e+05 4.796343989999999758e+05 2.450000000000000000e+02
1.972381780000000144e+05 4.766136579999999958e+05 2.620000000000000000e+02
2.209188306100000045e+05 4.735257405300000100e+05 2.720000000000000000e+02
1.078534279999999999e+05 4.926335719999999856e+05 2.780000000000000000e+02
1.180676135199999990e+05 4.885911087100000004e+05 2.960000000000000000e+02
2.717701529999999912e+05 5.756457550000000047e+05 2.970000000000000000e+02
1.371659549999999872e+05 4.813405109999999986e+05 3.060000000000000000e+02
1.503817019999999902e+05 4.025005700000000070e+05 3.130000000000000000e+02
1.571114940000000061e+05 3.904080619999999763e+05 3.420000000000000000e+02
1.030492824799999944e+05 4.168478019799999893e+05 3.490000000000000000e+02
2.121571890000000130e+05 3.778188150000000023e+05 3.550000000000000000e+02
1.513435780000000086e+05 4.850250189999999711e+05 3.630000000000000000e+02
1.312537900000000081e+05 5.491841720000000205e+05 3.900000000000000000e+02
8.815264800000000105e+04 4.104931219999999739e+05 4.090000000000000000e+02
1.842887380000000121e+05 4.471423169999999809e+05 4.120000000000000000e+02
1.226557449999999953e+05 4.826924760000000242e+05 4.360000000000000000e+02
1.271660139999999956e+05 4.841971639999999898e+05 4.730000000000000000e+02
8.116100000000000000e+04 4.465010000000000000e+05 4.800000000000000000e+02
1.047410000000000000e+05 4.301390000000000000e+05 4.890000000000000000e+02
1.887668276499999920e+05 4.131106135900000227e+05 5.090000000000000000e+02
2.337220000000000000e+05 5.802720000000000000e+05 5.140000000000000000e+02
1.957150000000000000e+05 4.440360000000000000e+05 5.170000000000000000e+02
1.829903539999999921e+05 3.319959870000000228e+05 5.200000000000000000e+02
1.121100500000000029e+05 4.834060160000000033e+05 5.470000000000000000e+02
8.642344599999999627e+04 4.064945540000000037e+05 5.550000000000000000e+02
1.168299339999999938e+05 4.534386190000000061e+05 5.700000000000000000e+02
1.834784629999999888e+05 4.483362860000000219e+05 6.180000000000000000e+02
1.556030329999999958e+05 3.883416020000000135e+05 6.480000000000000000e+02
1.362773293899999990e+05 4.459393320800000220e+05 6.670000000000000000e+02
9.253784399999999732e+04 4.308240239999999758e+05 7.120000000000000000e+02
9.619502000000000407e+04 4.399859430000000284e+05 7.170000000000000000e+02
1.905805840000000026e+05 5.544038050000000512e+05 7.280000000000000000e+02
9.017383000000000175e+04 3.964917970000000205e+05 7.420000000000000000e+02
1.310697330800000054e+05 4.537584803800000227e+05 7.560000000000000000e+02
1.383734150000000081e+05 3.953501080000000075e+05 7.650000000000000000e+02
1.378101969999999856e+05 4.517795559999999823e+05 7.770000000000000000e+02
8.372628007999999681e+04 4.376576181600000127e+05 7.880000000000000000e+02
1.859454590000000026e+05 3.789921759999999776e+05 7.910000000000000000e+02
2.329778260000000009e+05 5.547200500000000466e+05 8.380000000000000000e+02
9.498339100000000326e+04 4.293575540000000037e+05 8.570000000000000000e+02
1.815998850000000093e+05 5.219489729999999981e+05 8.670000000000000000e+02
1.074104799999999959e+05 4.751716149999999907e+05 9.270000000000000000e+02
8.439341999999999825e+04 4.324331979999999749e+05 9.290000000000000000e+02
1.577159690000000119e+05 3.794544189999999944e+05 9.520000000000000000e+02
9.542988999999999942e+04 4.506859359999999870e+05 9.670000000000000000e+02
1.679670810000000056e+05 4.819838620000000228e+05 9.820000000000000000e+02
1.907133420000000042e+05 3.253808100000030245e+05 9.830000000000000000e+02
9.494057102000000305e+04 4.315251833699999843e+05 9.970000000000000000e+02
1.015020000000000000e+05 4.300680000000000000e+05 1.013000000000000000e+03
1.198103399999999965e+05 4.936823399999990361e+05 1.031000000000000000e+03
1.041335549999999930e+05 4.239498740000000107e+05 1.064000000000000000e+03
2.059945646499999857e+05 4.371077235399999772e+05 1.077000000000000000e+03
1.441719189999999944e+05 3.924801959999999963e+05 1.097000000000000000e+03
1.895297362300000095e+05 3.775501137500000186e+05 1.123000000000000000e+03
8.224602999999999884e+04 4.495830300000000279e+05 1.178000000000000000e+03
1.311488465499999875e+05 5.198662697199999820e+05 1.198000000000000000e+03
1.646443740000000107e+05 3.795472440000000061e+05 1.208000000000000000e+03
8.029997299999999814e+04 3.862232390000000014e+05 1.217000000000000000e+03
1.922760830000000133e+05 4.500543219999999856e+05 1.220000000000000000e+03
2.002602760000000126e+05 5.652694610000000102e+05 1.222000000000000000e+03
1.698017741099999985e+05 5.790617068499999586e+05 1.228000000000000000e+03
1.597277030000000086e+05 4.350331689999999944e+05 1.250000000000000000e+03
7.616747500000000582e+04 4.400090619999999763e+05 1.254000000000000000e+03
1.491569869999999937e+05 4.079992129999999888e+05 1.261000000000000000e+03
2.526215499999999884e+05 4.699944970000009635e+05 1.266000000000000000e+03
1.456504580000000133e+05 4.271795959999990300e+05 1.299000000000000000e+03
1.533260860000000102e+05 4.126745399999999790e+05 1.332000000000000000e+03
9.234918822999999975e+04 4.594254572700000135e+05 1.364000000000000000e+03
9.591001499999999942e+04 4.625308380000020261e+05 1.368000000000000000e+03
2.367012989999999991e+05 5.732772340000000549e+05 1.374000000000000000e+03
2.100642950000000128e+05 5.183117449999999953e+05 1.379000000000000000e+03
1.429479480000000040e+05 4.568483389999999781e+05 1.386000000000000000e+03
1.069320139999999956e+05 4.746762180000009830e+05 1.436000000000000000e+03
1.004369419999999955e+05 4.425290229999999865e+05 1.445000000000000000e+03
2.507972859999999928e+05 4.663049959999999846e+05 1.457000000000000000e+03
1.857414210000000021e+05 3.430992010000000009e+05 1.485000000000000000e+03
1.669486749899999995e+05 4.160061934299999848e+05 1.496000000000000000e+03
1.987891440000000002e+05 3.544875370000000112e+05 1.506000000000000000e+03
1.066857140000000072e+05 4.493390659999999916e+05 1.509000000000000000e+03
1.784189980600000126e+05 4.296389940000000061e+05 1.527000000000000000e+03
1.991286436899999972e+05 3.588705257899999851e+05 1.536000000000000000e+03
1.199009410000000062e+05 4.093680800000000163e+05 1.552000000000000000e+03
1.136948160000000062e+05 3.941535559999999823e+05 1.561000000000000000e+03
1.706788349999999919e+05 4.496439479999999749e+05 1.602000000000000000e+03
1.072053469999999943e+05 3.985877689999999711e+05 1.606000000000000000e+03
1.167940449999999983e+05 4.533519060000000172e+05 1.619000000000000000e+03
1.701506669999999867e+05 4.532033830000020098e+05 1.649000000000000000e+03
1.108386940000000031e+05 3.932096109999999753e+05 1.651000000000000000e+03
1.452295089999999909e+05 4.721854799999999814e+05 1.674000000000000000e+03
2.251910039500000130e+05 5.246527841600000393e+05 1.694000000000000000e+03
1.454185640000000130e+05 4.522284070000000065e+05 1.701000000000000000e+03
2.018985460000000021e+05 5.031672260000000242e+05 1.703000000000000000e+03
9.094083800000000338e+04 4.390819760000000242e+05 1.709000000000000000e+03
1.415180670000000100e+05 4.526479540000000270e+05 1.741000000000000000e+03
2.371034489999999932e+05 5.257335320000000065e+05 1.746000000000000000e+03
1.186313260000000009e+05 4.982090270000000019e+05 1.769000000000000000e+03
1.672967460000000137e+05 4.644000650000000023e+05 1.780000000000000000e+03
3.339767700000000332e+04 3.889868890000000247e+05 1.788000000000000000e+03
1.097391119999999937e+05 5.064609139999999898e+05 1.817000000000000000e+03
1.231315489999999991e+05 4.279284409999999916e+05 1.822000000000000000e+03
1.253537970000000059e+05 4.302069490000000224e+05 1.837000000000000000e+03
2.038642069999999949e+05 4.694963589999999967e+05 1.845000000000000000e+03
1.606963489999999874e+05 3.915794020000000019e+05 1.848000000000000000e+03
1.749095659999999916e+05 4.665068069999999716e+05 1.863000000000000000e+03
1.574998209999999963e+05 4.646412849999999744e+05 1.884000000000000000e+03
8.483432799999999406e+04 4.534905979999999981e+05 1.899000000000000000e+03
1.698089863499999919e+05 5.790487125900000101e+05 1.902000000000000000e+03
1.287953659999999945e+05 4.614524230000000098e+05 1.909000000000000000e+03
1.796577174600000144e+05 4.676119057700000121e+05 1.910000000000000000e+03
1.262313530000000028e+05 4.895297000000000116e+05 1.917000000000000000e+03
