1.856980130000000063e+05 5.142760059999999939e+05 8.000000000000000000e+00
7.044950299999999697e+04 4.389974689999999828e+05 1.500000000000000000e+01
1.110474820000000036e+05 4.793712609999999986e+05 2.900000000000000000e+01
1.029030540000000037e+05 4.696158570000000182e+05 3.100000000000000000e+01
1.817959560000000056e+05 4.278496450000000186e+05 3.300000000000000000e+01
1.435066350000000093e+05 4.308723260000000009e+05 4.900000000000000000e+01
1.608516235400000005e+05 4.974975097800000221e+05 6.800000000000000000e+01
2.260489355400000059e+05 4.743508699699999997e+05 7.200000000000000000e+01
1.876548070000000007e+05 4.342956149999999907e+05 8.300000000000000000e+01
1.191170000000000000e+05 4.914840000000000000e+05 9.100000000000000000e+01
9.377462200000000303e+04 4.690850669999999809e+05 1.010000000000000000e+02
1.322177380800000101e+05 4.408326709300000221e+05 1.290000000000000000e+02
1.474802520000000077e+05 3.737907980000000098e+05 1.390000000000000000e+02
1.335469049999999988e+05 4.544066940000000177e+05 1.540000000000000000e+02
1.033800910000000003e+05 4.117558190000000177e+05 1.600000000000000000e+02
2.561584310000000114e+05 5.733977410000000382e+05 2.090000000000000000e+02
9.477036165999999503e+04 4.277837159600000014e+05 2.190000000000000000e+02
1.039302773500000039e+05 4.206838025800000178e+05 2.300000000000000000e+02
1.552657039999999979e+05 3.884815839999999735e+05 2.340000000000000000e+02
1.948602399999999907e+05 3.210568339999999735e+05 2.350000000000000000e+02
1.956066609999999928e+05 4.654594369999999763e+05 2.420000000000000000e+02
1.640389610000000102e+05 5.002368049999999930e+05 2.430000000000000000e+02
1.992529634500000102e+05 4.097752089200000046e+05 2.510000000000000000e+02
2.551245640000000130e+05 5.769377510000000475e+05 2.680000000000000000e+02
1.078534279999999999e+05 4.926335719999999856e+05 2.780000000000000000e+02
2.155096739999999991e+05 4.730514880000000121e+05 2.930000000000000000e+02
9.371335899999999674e+04 4.310445750000000116e+05 3.240000000000000000e+02
1.104887069999999949e+05 4.786065140000000247e+05 3.360000000000000000e+02
1.064268420000000042e+05 4.584188009999999776e+05 3.650000000000000000e+02
1.524053859999999986e+05 4.110699679999999935e+05 3.680000000000000000e+02
1.676152220000000088e+05 4.644639459999999963e+05 3.880000000000000000e+02
3.824821399999999994e+04 3.917897029999999795e+05 4.180000000000000000e+02
1.161245979999999981e+05 4.805914209999999730e+05 4.670000000000000000e+02
1.984322305099999940e+05 4.869385521699999808e+05 4.860000000000000000e+02
1.841664029999999912e+05 3.361107899999999790e+05 5.010000000000000000e+02
7.905253100000000268e+04 4.315745459999999730e+05 5.120000000000000000e+02
8.504760199999999895e+04 4.359076149999999907e+05 5.150000000000000000e+02
1.957150000000000000e+05 4.440360000000000000e+05 5.170000000000000000e+02
1.829903539999999921e+05 3.319959870000000228e+05 5.200000000000000000e+02
1.679527690400000138e+05 4.819966382299999823e+05 5.330000000000000000e+02
1.265049260000000068e+05 4.846366010000000242e+05 5.530000000000000000e+02
1.039210000000000000e+05 4.299070000000000000e+05 5.650000000000000000e+02
2.568377440000000061e+05 4.794593219999999856e+05 5.660000000000000000e+02
2.167823219999999856e+05 4.888959679999999935e+05 5.670000000000000000e+02
1.168299339999999938e+05 4.534386190000000061e+05 5.700000000000000000e+02
1.287610500000000029e+05 4.616514340000000084e+05 5.980000000000000000e+02
1.834784629999999888e+05 4.483362860000000219e+05 6.180000000000000000e+02
1.528890460000000021e+05 3.892339920000000275e+05 6.590000000000000000e+02
1.384577440000000061e+05 4.530792330000000075e+05 7.060000000000000000e+02
1.725349659999999858e+05 3.815555599999999977e+05 7.110000000000000000e+02
9.017383000000000175e+04 3.964917970000000205e+05 7.420000000000000000e+02
1.461185800000000163e+05 4.262878109999999870e+05 7.790000000000000000e+02
1.539469029999999912e+05 5.670490320000000065e+05 8.150000000000000000e+02
8.772872656999999890e+04 4.110278917200000142e+05 8.220000000000000000e+02
1.378405287400000088e+05 4.589355902500000084e+05 8.580000000000000000e+02
1.689544679999999935e+05 4.495820790000000270e+05 8.590000000000000000e+02
1.426567450599999866e+05 4.850584966600000043e+05 8.730000000000000000e+02
1.716192000000000116e+05 3.677563279999999795e+05 8.800000000000000000e+02
1.084782839999999997e+05 4.506670800000000163e+05 8.910000000000000000e+02
1.312272284999999974e+05 5.180240304999999935e+05 9.720000000000000000e+02
6.434582800000000134e+04 4.086855129999999772e+05 9.870000000000000000e+02
2.050119290000000037e+05 5.689062169999999460e+05 9.880000000000000000e+02
2.328268030000000144e+05 5.530506030000000028e+05 9.990000000000000000e+02
1.725097360000000044e+05 4.475373009999999776e+05 1.006000000000000000e+03
8.067222900000000664e+04 3.896531809999999823e+05 1.065000000000000000e+03
2.094440700000000070e+05 5.210979199999999837e+05 1.074000000000000000e+03
2.059945646499999857e+05 4.371077235399999772e+05 1.077000000000000000e+03
1.661707419999999984e+05 4.367812970000000205e+05 1.132000000000000000e+03
1.778163440000000119e+05 5.392831469999999972e+05 1.161000000000000000e+03
2.289199029999999912e+05 5.399978070000000298e+05 1.162000000000000000e+03
1.525380890000000072e+05 4.530130800000000163e+05 1.176000000000000000e+03
8.224602999999999884e+04 4.495830300000000279e+05 1.178000000000000000e+03
8.264959527999999409e+04 4.372593978800000041e+05 1.179000000000000000e+03
7.732268000000000757e+04 4.339218449999999721e+05 1.188000000000000000e+03
1.289856062800000072e+05 5.142702404400000232e+05 1.196000000000000000e+03
8.749056269999999495e+04 4.547231582199999830e+05 1.257000000000000000e+03
1.893378179999999993e+05 3.479499550000000163e+05 1.265000000000000000e+03
1.687320500000000175e+05 4.061332390000000014e+05 1.278000000000000000e+03
1.261034450000000070e+05 4.749403859999999986e+05 1.327000000000000000e+03
1.833422229999999981e+05 5.515642460000000428e+05 1.341000000000000000e+03
1.147301530000000057e+05 4.262734079999999958e+05 1.354000000000000000e+03
1.251400684000000037e+05 5.049284941300000064e+05 1.356000000000000000e+03
9.591001499999999942e+04 4.625308380000020261e+05 1.368000000000000000e+03
2.367012989999999991e+05 5.732772340000000549e+05 1.374000000000000000e+03
1.372964590000000026e+05 3.966705279999999912e+05 1.375000000000000000e+03
2.074140950000000012e+05 3.746873140000000130e+05 1.433000000000000000e+03
1.812956739999999991e+05 4.378455740000000224e+05 1.438000000000000000e+03
1.485719770000000135e+05 4.584018800000000047e+05 1.442000000000000000e+03
1.004369419999999955e+05 4.425290229999999865e+05 1.445000000000000000e+03
1.847071009999999951e+05 5.757233419999999460e+05 1.470000000000000000e+03
1.253740580000000045e+05 4.770011180000000168e+05 1.492000000000000000e+03
1.669486749899999995e+05 4.160061934299999848e+05 1.496000000000000000e+03
1.242706589999999997e+05 4.831120129999999772e+05 1.521000000000000000e+03
1.361617580000000016e+05 4.455071639999999898e+05 1.543000000000000000e+03
1.199009410000000062e+05 4.093680800000000163e+05 1.552000000000000000e+03
1.103235669999999955e+05 3.907813869999999879e+05 1.569000000000000000e+03
1.501978129999999946e+05 4.090716959999999963e+05 1.597000000000000000e+03
2.538126210000000137e+05 4.775185979999999981e+05 1.630000000000000000e+03
4.906974700000000303e+04 3.894313279999999795e+05 1.637000000000000000e+03
1.572037850000000035e+05 4.635605640000000130e+05 1.643000000000000000e+03
2.369920020000000077e+05 5.824053989999999758e+05 1.654000000000000000e+03
1.470217539999999863e+05 4.770523649999999907e+05 1.671000000000000000e+03
1.452295089999999909e+05 4.721854799999999814e+05 1.674000000000000000e+03
1.046310099999999948e+05 4.483592710000000079e+05 1.689000000000000000e+03
2.018985460000000021e+05 5.031672260000000242e+05 1.703000000000000000e+03
2.275141790000000037e+05 5.250552820000000065e+05 1.728000000000000000e+03
1.089733990000000049e+05 4.012763819999999832e+05 1.743000000000000000e+03
2.371034489999999932e+05 5.257335320000000065e+05 1.746000000000000000e+03
9.681998399999999674e+04 4.407840729999999749e+05 1.751000000000000000e+03
9.544474800000000687e+04 4.506986089999999967e+05 1.765000000000000000e+03
1.405695009999999893e+05 4.788021489999999758e+05 1.791000000000000000e+03
1.097391119999999937e+05 5.064609139999999898e+05 1.817000000000000000e+03
1.231315489999999991e+05 4.279284409999999916e+05 1.822000000000000000e+03
1.583980169999999925e+05 4.648252779999999912e+05 1.833000000000000000e+03
8.835494500000000698e+04 4.405206290000000154e+05 1.844000000000000000e+03
1.196247519999999931e+05 4.922372409999999800e+05 1.889000000000000000e+03
1.814359979999999923e+05 4.285342750000000233e+05 1.894000000000000000e+03
8.483432799999999406e+04 4.534905979999999981e+05 1.899000000000000000e+03
1.783421529999999912e+05 3.160308209999999963e+05 1.921000000000000000e+03
1.097571940000000031e+05 5.064719280000000144e+05 1.922000000000000000e+03
