7.044950299999999697e+04 4.389974689999999828e+05 1.500000000000000000e+01
1.608516235400000005e+05 4.974975097800000221e+05 6.800000000000000000e+01
1.443547609999999986e+05 4.720576149999999907e+05 7.700000000000000000e+01
8.668768124999999418e+04 4.542211968099999940e+05 7.900000000000000000e+01
8.155102800000000570e+04 4.483799430000000284e+05 9.200000000000000000e+01
1.158700981800000009e+05 4.531238402299999725e+05 1.320000000000000000e+02
1.897179139999999898e+05 3.482371780000000144e+05 1.350000000000000000e+02
1.335469049999999988e+05 4.544066940000000177e+05 1.540000000000000000e+02
2.083846739999999991e+05 5.077029689999999828e+05 1.550000000000000000e+02
2.271983219999999856e+05 5.249920860000000102e+05 1.570000000000000000e+02
1.728325260000000126e+05 5.142204120000000112e+05 2.110000000000000000e+02
6.795891048999999475e+04 3.818993833800000139e+05 2.180000000000000000e+02
9.477036165999999503e+04 4.277837159600000014e+05 2.190000000000000000e+02
1.039302773500000039e+05 4.206838025800000178e+05 2.300000000000000000e+02
1.441737960000000021e+05 3.924929799999999814e+05 2.380000000000000000e+02
1.956066609999999928e+05 4.654594369999999763e+05 2.420000000000000000e+02
1.640389610000000102e+05 5.002368049999999930e+05 2.430000000000000000e+02
9.371335899999999674e+04 4.310445750000000116e+05 3.240000000000000000e+02
1.676152220000000088e+05 4.644639459999999963e+05 3.880000000000000000e+02
2.557420489999999991e+05 5.771089819999999600e+05 3.910000000000000000e+02
5.765418499999999767e+04 3.872581450000000186e+05 3.950000000000000000e+02
1.824683379999999888e+05 4.861507130000020261e+05 4.130000000000000000e+02
2.292933440000000119e+05 5.406864429999999702e+05 4.230000000000000000e+02
2.050830890000000072e+05 5.689288510000000242e+05 4.290000000000000000e+02
1.109184039999999950e+05 4.075794760000000242e+05 4.510000000000000000e+02
1.313660029999999970e+05 5.484382689999999711e+05 4.610000000000000000e+02
9.295109100000000035e+04 4.685921080000000075e+05 4.640000000000000000e+02
1.829903539999999921e+05 3.319959870000000228e+05 5.200000000000000000e+02
1.447516609999999928e+05 4.286381479999999865e+05 5.300000000000000000e+02
8.642344599999999627e+04 4.064945540000000037e+05 5.550000000000000000e+02
1.722943720000000030e+05 4.475900729999999749e+05 5.760000000000000000e+02
1.287610500000000029e+05 4.616514340000000084e+05 5.980000000000000000e+02
1.834784629999999888e+05 4.483362860000000219e+05 6.180000000000000000e+02
1.556030329999999958e+05 3.883416020000000135e+05 6.480000000000000000e+02
1.502818060000000114e+05 4.090827770000000019e+05 6.490000000000000000e+02
1.249816469999999972e+05 4.778474660000000149e+05 6.610000000000000000e+02
2.086432399999999907e+05 4.719176159999999800e+05 6.840000000000000000e+02
1.725349659999999858e+05 3.815555599999999977e+05 7.110000000000000000e+02
1.746187360000000044e+05 4.471894969999999739e+05 7.330000000000000000e+02
1.689994506399999955e+05 4.106761780000000144e+05 8.120000000000000000e+02
2.375062309999999998e+05 4.845408890000000247e+05 8.440000000000000000e+02
1.815829590000000026e+05 4.265874029999999912e+05 8.550000000000000000e+02
1.309841680000000051e+05 5.206141979999999749e+05 8.720000000000000000e+02
1.426567450599999866e+05 4.850584966600000043e+05 8.730000000000000000e+02
1.539928409999999858e+05 3.949575970000000088e+05 8.830000000000000000e+02
2.760586919999999809e+05 5.783212140000000363e+05 9.320000000000000000e+02
1.577159690000000119e+05 3.794544189999999944e+05 9.520000000000000000e+02
1.994977099999999919e+05 3.151879349999999977e+05 9.620000000000000000e+02
8.586007700000000477e+04 4.329765979999999981e+05 9.700000000000000000e+02
8.596615399999999499e+04 4.470944180000000051e+05 1.016000000000000000e+03
1.336884400000000023e+05 4.549442559999999939e+05 1.025000000000000000e+03
1.198103399999999965e+05 4.936823399999990361e+05 1.031000000000000000e+03
1.197100120000000024e+05 4.109076219999999739e+05 1.040000000000000000e+03
1.483180982099999965e+05 4.873394698000000208e+05 1.043000000000000000e+03
1.096923289999999979e+05 4.776803890000000247e+05 1.047000000000000000e+03
1.660881529999999912e+05 4.781237579999999725e+05 1.049000000000000000e+03
1.207360380000000005e+05 4.836402739999999758e+05 1.058000000000000000e+03
2.078333189999999886e+05 5.063445999999999767e+05 1.070000000000000000e+03
1.152802219999999943e+05 4.818535530000000144e+05 1.082000000000000000e+03
1.900308910000000033e+05 4.103545489999999991e+05 1.083000000000000000e+03
9.879801200000000244e+04 4.321198699999999953e+05 1.090000000000000000e+03
8.696900000000000000e+04 3.915310000000000000e+05 1.092000000000000000e+03
1.120127580000000016e+05 4.533330410000000265e+05 1.096000000000000000e+03
1.441719189999999944e+05 3.924801959999999963e+05 1.097000000000000000e+03
1.367342490000000107e+05 4.803689470000020228e+05 1.134000000000000000e+03
3.171449399999999878e+04 3.875800150000000140e+05 1.167000000000000000e+03
1.525380890000000072e+05 4.530130800000000163e+05 1.176000000000000000e+03
8.264959527999999409e+04 4.372593978800000041e+05 1.179000000000000000e+03
1.041959222699999955e+05 4.120754188299999805e+05 1.185000000000000000e+03
9.647700000000000000e+04 4.366430000000000000e+05 1.206000000000000000e+03
1.646443740000000107e+05 3.795472440000000061e+05 1.208000000000000000e+03
1.513796969999999856e+05 4.591580360000000219e+05 1.247000000000000000e+03
1.972503949999999895e+05 4.737809589999999735e+05 1.249000000000000000e+03
1.597277030000000086e+05 4.350331689999999944e+05 1.250000000000000000e+03
2.526215499999999884e+05 4.699944970000009635e+05 1.266000000000000000e+03
8.485043200000000070e+04 4.367013800000000047e+05 1.269000000000000000e+03
2.035447946999999986e+05 3.785975691099999822e+05 1.284000000000000000e+03
7.029024899999999616e+04 4.310239349999999977e+05 1.309000000000000000e+03
1.272167970000000059e+05 4.714667839999999851e+05 1.331000000000000000e+03
1.328182767699999968e+05 4.491607556600000244e+05 1.339000000000000000e+03
1.748301250000000000e+05 3.652527700000000186e+05 1.349000000000000000e+03
1.114500000000000000e+05 5.195200000000000000e+05 1.366000000000000000e+03
9.591001499999999942e+04 4.625308380000020261e+05 1.368000000000000000e+03
2.344631030000000028e+05 5.780038969999999972e+05 1.384000000000000000e+03
1.059999130000000005e+05 4.736339620000020950e+05 1.387000000000000000e+03
9.259223299999999290e+04 3.994639569999999949e+05 1.421000000000000000e+03
1.945128740000000107e+05 3.206409820000000182e+05 1.437000000000000000e+03
1.229161570000000065e+05 4.180625120000009774e+05 1.441000000000000000e+03
1.354443189999999886e+05 4.118224660000000149e+05 1.446000000000000000e+03
2.154470704700000060e+05 4.397939574900000007e+05 1.459000000000000000e+03
1.052163549999999959e+05 4.486590690000000177e+05 1.467000000000000000e+03
1.066857140000000072e+05 4.493390659999999916e+05 1.509000000000000000e+03
1.028530000000000000e+05 4.302600000000000000e+05 1.517000000000000000e+03
1.103235669999999955e+05 3.907813869999999879e+05 1.569000000000000000e+03
1.782035340000000142e+05 3.170712310000000289e+05 1.581000000000000000e+03
2.616941909999999916e+05 5.286844250000000466e+05 1.583000000000000000e+03
1.501978129999999946e+05 4.090716959999999963e+05 1.597000000000000000e+03
1.803571020000000135e+05 4.361395709999999963e+05 1.625000000000000000e+03
9.811500000000000000e+04 3.966240000000000000e+05 1.638000000000000000e+03
2.369920020000000077e+05 5.824053989999999758e+05 1.654000000000000000e+03
1.389553850000000093e+05 4.557822220000000088e+05 1.662000000000000000e+03
1.186378460000000050e+05 3.966569459999999963e+05 1.677000000000000000e+03
9.131247999999999593e+04 4.516216269999999786e+05 1.690000000000000000e+03
5.921105587999999989e+04 3.873350159400000121e+05 1.699000000000000000e+03
1.090192839999999997e+05 4.004053389999999781e+05 1.715000000000000000e+03
1.570443738599999924e+05 4.346416381200000178e+05 1.733000000000000000e+03
1.412270780000000086e+05 4.527118099999999977e+05 1.774000000000000000e+03
8.821104799999999523e+04 4.198278130000000237e+05 1.779000000000000000e+03
9.267784037999999418e+04 4.396293324499999871e+05 1.790000000000000000e+03
1.231315489999999991e+05 4.279284409999999916e+05 1.822000000000000000e+03
1.578487390000000014e+05 4.653759139999999898e+05 1.872000000000000000e+03
1.304745899999999965e+05 4.280973339999999735e+05 1.883000000000000000e+03
1.090046449699999939e+05 5.027897494099999894e+05 1.897000000000000000e+03
1.698089863499999919e+05 5.790487125900000101e+05 1.902000000000000000e+03
1.923212609999999986e+05 4.500998369999999995e+05 1.903000000000000000e+03
1.249419900000000052e+05 4.909278059999999823e+05 1.908000000000000000e+03
1.218984520000000048e+05 4.929787739999999758e+05 1.918000000000000000e+03
1.247689930000000022e+05 4.281567650000000140e+05 1.919000000000000000e+03
8.506515000000000873e+04 4.533599729999999981e+05 1.925000000000000000e+03
8.867464500000000407e+04 4.400813389999999781e+05 1.926000000000000000e+03
