1.675577540000000154e+05 4.141003890000000247e+05 5.000000000000000000e+00
1.810497799999999988e+05 5.474598869999999879e+05 7.000000000000000000e+00
1.433839290000000037e+05 5.596916369999999879e+05 2.000000000000000000e+01
1.104892489999999962e+05 4.531129710000000196e+05 2.300000000000000000e+01
1.608516235400000005e+05 4.974975097800000221e+05 6.800000000000000000e+01
2.260489355400000059e+05 4.743508699699999997e+05 7.200000000000000000e+01
9.377462200000000303e+04 4.690850669999999809e+05 1.010000000000000000e+02
1.643193289999999979e+05 4.745389650000000256e+05 1.030000000000000000e+02
1.883856140000000014e+05 3.214684839999999967e+05 1.040000000000000000e+02
1.028327859999999928e+05 4.597520869999999995e+05 1.190000000000000000e+02
1.275198559999999998e+05 4.707105109999999986e+05 1.280000000000000000e+02
1.531495890000000072e+05 4.599078269999999902e+05 1.300000000000000000e+02
7.542533500000000640e+04 4.417790920000000042e+05 1.670000000000000000e+02
2.134207680000000109e+05 5.741833390000000363e+05 2.130000000000000000e+02
1.933649800000000105e+05 3.509345100000000093e+05 2.270000000000000000e+02
1.039302773500000039e+05 4.206838025800000178e+05 2.300000000000000000e+02
1.640389610000000102e+05 5.002368049999999930e+05 2.430000000000000000e+02
1.040195489999999991e+05 4.301473400000000256e+05 2.800000000000000000e+02
1.476720100199999870e+05 4.863786043799999752e+05 2.870000000000000000e+02
2.087113690000000061e+05 3.732552420000000275e+05 2.890000000000000000e+02
2.717701529999999912e+05 5.756457550000000047e+05 2.970000000000000000e+02
8.487017600000000675e+04 4.368128369999999995e+05 3.040000000000000000e+02
2.164710560000000114e+05 4.398469209999999730e+05 3.120000000000000000e+02
1.817845869999999995e+05 4.257759220000000205e+05 3.730000000000000000e+02
1.676152220000000088e+05 4.644639459999999963e+05 3.880000000000000000e+02
1.109184039999999950e+05 4.075794760000000242e+05 4.510000000000000000e+02
1.789686400000000140e+05 5.427318719999999739e+05 4.590000000000000000e+02
3.824915400000000227e+04 3.918046919999999809e+05 5.590000000000000000e+02
1.114531680000000051e+05 4.804866020000010612e+05 5.970000000000000000e+02
1.287610500000000029e+05 4.616514340000000084e+05 5.980000000000000000e+02
1.858710109999999986e+05 4.673735009999999893e+05 6.070000000000000000e+02
1.477774684800000105e+05 4.864566321100000059e+05 6.330000000000000000e+02
1.178686180000000022e+05 4.965365779999999795e+05 6.380000000000000000e+02
1.351317229999999981e+05 3.941629610000000102e+05 6.410000000000000000e+02
1.725349659999999858e+05 3.815555599999999977e+05 7.110000000000000000e+02
1.561339599999999919e+05 4.672424679999999935e+05 7.190000000000000000e+02
1.310697330800000054e+05 4.537584803800000227e+05 7.560000000000000000e+02
1.151307480000000069e+05 4.896608780000000261e+05 7.860000000000000000e+02
1.859454590000000026e+05 3.789921759999999776e+05 7.910000000000000000e+02
1.539469029999999912e+05 5.670490320000000065e+05 8.150000000000000000e+02
8.563898200000000361e+04 4.336165239999999758e+05 8.180000000000000000e+02
2.329778260000000009e+05 5.547200500000000466e+05 8.380000000000000000e+02
2.375062309999999998e+05 4.845408890000000247e+05 8.440000000000000000e+02
1.420878900000000140e+05 4.290252609999999986e+05 8.470000000000000000e+02
9.498339100000000326e+04 4.293575540000000037e+05 8.570000000000000000e+02
1.815998850000000093e+05 5.219489729999999981e+05 8.670000000000000000e+02
1.716192000000000116e+05 3.677563279999999795e+05 8.800000000000000000e+02
1.539928409999999858e+05 3.949575970000000088e+05 8.830000000000000000e+02
1.983555895799999998e+05 4.667344870499999961e+05 8.890000000000000000e+02
1.185988479999999981e+05 4.906747980000021053e+05 8.900000000000000000e+02
1.815880510000000068e+05 3.248929460000009858e+05 9.000000000000000000e+02
1.078613270000000048e+05 4.926424420000010286e+05 9.210000000000000000e+02
8.439341999999999825e+04 4.324331979999999749e+05 9.290000000000000000e+02
1.080014269999999960e+05 4.758269519999999902e+05 9.300000000000000000e+02
1.269601729999999952e+05 4.843357469999999739e+05 9.420000000000000000e+02
1.577159690000000119e+05 3.794544189999999944e+05 9.520000000000000000e+02
9.542988999999999942e+04 4.506859359999999870e+05 9.670000000000000000e+02
1.293946290000000008e+05 4.117626990000000224e+05 9.790000000000000000e+02
2.269158509199999971e+05 5.798216452600000193e+05 1.014000000000000000e+03
1.343440830000000133e+05 4.442075749999990221e+05 1.019000000000000000e+03
1.198103399999999965e+05 4.936823399999990361e+05 1.031000000000000000e+03
1.660881529999999912e+05 4.781237579999999725e+05 1.049000000000000000e+03
1.120127580000000016e+05 4.533330410000000265e+05 1.096000000000000000e+03
1.441719189999999944e+05 3.924801959999999963e+05 1.097000000000000000e+03
2.105366203300000052e+05 5.152536950499999803e+05 1.104000000000000000e+03
2.529549340000000084e+05 5.634794409999999916e+05 1.120000000000000000e+03
1.311444830000000075e+05 5.294649279999999562e+05 1.126000000000000000e+03
1.661707419999999984e+05 4.367812970000000205e+05 1.132000000000000000e+03
1.846124340000000084e+05 5.659137000000000698e+05 1.147000000000000000e+03
1.876466650000000081e+05 4.335384510000000009e+05 1.156000000000000000e+03
2.289199029999999912e+05 5.399978070000000298e+05 1.162000000000000000e+03
2.004026602399999974e+05 3.890059004200000199e+05 1.173000000000000000e+03
1.492330169999999925e+05 4.072313200000000070e+05 1.184000000000000000e+03
9.647700000000000000e+04 4.366430000000000000e+05 1.206000000000000000e+03
1.004878747699999949e+05 4.090924240199999767e+05 1.216000000000000000e+03
8.472576600000000326e+04 3.914248169999999809e+05 1.224000000000000000e+03
1.893378179999999993e+05 3.479499550000000163e+05 1.265000000000000000e+03
1.977592069999999949e+05 3.925454810000000289e+05 1.291000000000000000e+03
9.502212099999999919e+04 4.619323479999999981e+05 1.294000000000000000e+03
9.124424300000000221e+04 4.241596510000000126e+05 1.295000000000000000e+03
1.610533669999999984e+05 3.903771429999999818e+05 1.301000000000000000e+03
2.535825442500000063e+05 5.969936755899999989e+05 1.302000000000000000e+03
1.533260860000000102e+05 4.126745399999999790e+05 1.332000000000000000e+03
1.243027799999999988e+05 5.027635050000000047e+05 1.357000000000000000e+03
1.988711199999999953e+05 5.006025300000000279e+05 1.376000000000000000e+03
1.386033189999999886e+05 4.533411890000000130e+05 1.378000000000000000e+03
2.100642950000000128e+05 5.183117449999999953e+05 1.379000000000000000e+03
2.344631030000000028e+05 5.780038969999999972e+05 1.384000000000000000e+03
1.059999130000000005e+05 4.736339620000020950e+05 1.387000000000000000e+03
1.431680000000000000e+05 4.733820000000000000e+05 1.391000000000000000e+03
1.329823647899999924e+05 4.478649795600000070e+05 1.393000000000000000e+03
1.815864109999999928e+05 3.628175889999999781e+05 1.397000000000000000e+03
1.879606250000000000e+05 3.281190729999999749e+05 1.444000000000000000e+03
6.342052599999999802e+04 3.837110420000000158e+05 1.498000000000000000e+03
1.125037519999999931e+05 4.818451109999999753e+05 1.539000000000000000e+03
1.136948160000000062e+05 3.941535559999999823e+05 1.561000000000000000e+03
1.380671719999999914e+05 4.397086190000019851e+05 1.565000000000000000e+03
1.206753040000000037e+05 4.146618479999999981e+05 1.566000000000000000e+03
1.706788349999999919e+05 4.496439479999999749e+05 1.602000000000000000e+03
1.072053469999999943e+05 3.985877689999999711e+05 1.606000000000000000e+03
1.402382030000000086e+05 4.120915540000000037e+05 1.613000000000000000e+03
1.260675280000000057e+05 4.547940000000000000e+05 1.617000000000000000e+03
1.905136510000000126e+05 4.479419400000000023e+05 1.684000000000000000e+03
2.251910039500000130e+05 5.246527841600000393e+05 1.694000000000000000e+03
1.044745019999999931e+05 4.460700879999999888e+05 1.724000000000000000e+03
1.434282589999999909e+05 4.523650520000000251e+05 1.760000000000000000e+03
1.405695009999999893e+05 4.788021489999999758e+05 1.791000000000000000e+03
1.885336440000000002e+05 4.486549099999999744e+05 1.792000000000000000e+03
1.248941689999999944e+05 4.287294230000000098e+05 1.813000000000000000e+03
8.738575100000000384e+04 4.424637669999999925e+05 1.819000000000000000e+03
8.876503299999999581e+04 4.519703489999999874e+05 1.823000000000000000e+03
8.881531299999999464e+04 3.942203169999999809e+05 1.827000000000000000e+03
1.248327580000000016e+05 4.781278319999999949e+05 1.850000000000000000e+03
1.856608170000000100e+05 3.417600619999999763e+05 1.896000000000000000e+03
8.483432799999999406e+04 4.534905979999999981e+05 1.899000000000000000e+03
1.287953659999999945e+05 4.614524230000000098e+05 1.909000000000000000e+03
1.097697529999999970e+05 5.059978389999999781e+05 1.934000000000000000e+03
