6.772750000000000000e+04 4.396397569999999832e+05 1.400000000000000000e+01
1.433839290000000037e+05 5.596916369999999879e+05 2.000000000000000000e+01
1.104892489999999962e+05 4.531129710000000196e+05 2.300000000000000000e+01
1.029030540000000037e+05 4.696158570000000182e+05 3.100000000000000000e+01
8.384886000000000058e+04 4.408880520000000251e+05 3.500000000000000000e+01
1.379435270000000019e+05 4.818928360000000102e+05 6.200000000000000000e+01
1.087655359999999928e+05 4.885372229999999981e+05 7.400000000000000000e+01
8.668768124999999418e+04 4.542211968099999940e+05 7.900000000000000000e+01
1.241102329999999929e+05 4.793859560000000056e+05 8.500000000000000000e+01
9.377462200000000303e+04 4.690850669999999809e+05 1.010000000000000000e+02
1.940200000000000000e+05 4.022680000000000000e+05 1.150000000000000000e+02
9.654305400000000373e+04 4.386880860000000102e+05 1.220000000000000000e+02
1.193291300000000047e+05 4.834806919999999809e+05 1.270000000000000000e+02
1.322177380800000101e+05 4.408326709300000221e+05 1.290000000000000000e+02
7.542533500000000640e+04 4.417790920000000042e+05 1.670000000000000000e+02
1.276175960000000050e+05 4.666503560000000289e+05 2.070000000000000000e+02
1.728325260000000126e+05 5.142204120000000112e+05 2.110000000000000000e+02
2.094465950000000012e+05 4.391079239999999991e+05 2.140000000000000000e+02
1.039302773500000039e+05 4.206838025800000178e+05 2.300000000000000000e+02
1.441737960000000021e+05 3.924929799999999814e+05 2.380000000000000000e+02
1.844171529999999912e+05 4.872639820000000182e+05 2.440000000000000000e+02
9.820080199999999604e+04 4.495853209999999963e+05 2.660000000000000000e+02
1.222681950000000070e+05 3.962084569999999949e+05 2.940000000000000000e+02
1.298554089999999997e+05 4.406336230000000214e+05 3.000000000000000000e+02
1.885560080000000016e+05 4.344864839999999967e+05 3.720000000000000000e+02
1.812480000000000000e+05 3.302120000000000000e+05 4.330000000000000000e+02
2.419650810000000056e+05 5.561570979999999981e+05 4.410000000000000000e+02
1.387584340000000084e+05 4.601821329999999725e+05 4.460000000000000000e+02
2.414256389999999956e+05 4.823330399999999790e+05 4.520000000000000000e+02
1.039210000000000000e+05 4.299070000000000000e+05 5.650000000000000000e+02
1.804482140000000072e+05 4.481700229999999865e+05 5.830000000000000000e+02
1.434980860000000102e+05 3.704475659999999916e+05 5.870000000000000000e+02
1.613884949999999953e+05 3.897582299999999814e+05 5.880000000000000000e+02
1.287610500000000029e+05 4.616514340000000084e+05 5.980000000000000000e+02
1.858710109999999986e+05 4.673735009999999893e+05 6.070000000000000000e+02
1.842074280000000144e+05 4.225367409999999800e+05 6.260000000000000000e+02
1.905805840000000026e+05 5.544038050000000512e+05 7.280000000000000000e+02
1.871755679999999993e+05 4.897379450000000070e+05 7.290000000000000000e+02
9.017383000000000175e+04 3.964917970000000205e+05 7.420000000000000000e+02
2.022554180000000051e+05 3.849719610000000102e+05 7.490000000000000000e+02
1.310697330800000054e+05 4.537584803800000227e+05 7.560000000000000000e+02
8.400490399999999499e+04 4.404835619999999763e+05 7.570000000000000000e+02
1.151307480000000069e+05 4.896608780000000261e+05 7.860000000000000000e+02
1.767369800000000105e+05 4.364885860000000102e+05 8.290000000000000000e+02
1.578439789999999921e+05 3.813635810000000056e+05 8.760000000000000000e+02
1.716192000000000116e+05 3.677563279999999795e+05 8.800000000000000000e+02
1.539928409999999858e+05 3.949575970000000088e+05 8.830000000000000000e+02
1.199986720000000059e+05 4.270561959999999963e+05 8.960000000000000000e+02
2.310398740000000107e+05 5.443005060000000522e+05 9.010000000000000000e+02
1.094951283799999946e+05 4.569895031799999997e+05 9.220000000000000000e+02
1.080014269999999960e+05 4.758269519999999902e+05 9.300000000000000000e+02
1.697016080000000075e+05 4.086874400000000023e+05 9.340000000000000000e+02
1.842273859999999986e+05 4.225583809999999939e+05 9.370000000000000000e+02
1.577159690000000119e+05 3.794544189999999944e+05 9.520000000000000000e+02
8.586007700000000477e+04 4.329765979999999981e+05 9.700000000000000000e+02
1.312272284999999974e+05 5.180240304999999935e+05 9.720000000000000000e+02
1.856735409999999974e+05 3.386387800000000279e+05 9.840000000000000000e+02
2.050119290000000037e+05 5.689062169999999460e+05 9.880000000000000000e+02
2.104594530000000086e+05 5.232065360000000219e+05 9.890000000000000000e+02
9.494057102000000305e+04 4.315251833699999843e+05 9.970000000000000000e+02
1.801532220000000088e+05 5.758798719999999739e+05 1.002000000000000000e+03
1.015020000000000000e+05 4.300680000000000000e+05 1.013000000000000000e+03
2.269158509199999971e+05 5.798216452600000193e+05 1.014000000000000000e+03
8.596615399999999499e+04 4.470944180000000051e+05 1.016000000000000000e+03
1.197100120000000024e+05 4.109076219999999739e+05 1.040000000000000000e+03
2.343830819999999949e+05 4.779552430000000168e+05 1.055000000000000000e+03
8.067222900000000664e+04 3.896531809999999823e+05 1.065000000000000000e+03
1.500642399999999907e+05 4.156084060000000172e+05 1.081000000000000000e+03
1.276471839999999938e+05 4.835856680000000051e+05 1.093000000000000000e+03
1.441719189999999944e+05 3.924801959999999963e+05 1.097000000000000000e+03
3.171449399999999878e+04 3.875800150000000140e+05 1.167000000000000000e+03
1.237099574500000017e+05 5.018351215199999860e+05 1.170000000000000000e+03
2.346887339999999967e+05 5.808014400000000605e+05 1.172000000000000000e+03
1.525380890000000072e+05 4.530130800000000163e+05 1.176000000000000000e+03
8.224602999999999884e+04 4.495830300000000279e+05 1.178000000000000000e+03
1.492330169999999925e+05 4.072313200000000070e+05 1.184000000000000000e+03
1.807794472900000110e+05 5.288988172000000486e+05 1.194000000000000000e+03
1.922760830000000133e+05 4.500543219999999856e+05 1.220000000000000000e+03
9.760959900000000198e+04 4.313648389999999781e+05 1.223000000000000000e+03
1.698017741099999985e+05 5.790617068499999586e+05 1.228000000000000000e+03
1.505645343400000129e+05 4.891053710399999982e+05 1.229000000000000000e+03
8.628165468999999575e+04 4.538581293099999893e+05 1.248000000000000000e+03
2.526215499999999884e+05 4.699944970000009635e+05 1.266000000000000000e+03
1.987458399999999965e+05 4.661154039999999804e+05 1.270000000000000000e+03
2.016143900000000140e+05 3.626842110000000102e+05 1.285000000000000000e+03
9.502212099999999919e+04 4.619323479999999981e+05 1.294000000000000000e+03
1.456504580000000133e+05 4.271795959999990300e+05 1.299000000000000000e+03
1.389899580000000133e+05 4.388267970000000205e+05 1.350000000000000000e+03
9.234918822999999975e+04 4.594254572700000135e+05 1.364000000000000000e+03
1.977457429999999877e+05 4.995985750000000116e+05 1.371000000000000000e+03
2.367012989999999991e+05 5.732772340000000549e+05 1.374000000000000000e+03
2.344631030000000028e+05 5.780038969999999972e+05 1.384000000000000000e+03
1.429479480000000040e+05 4.568483389999999781e+05 1.386000000000000000e+03
1.431680000000000000e+05 4.733820000000000000e+05 1.391000000000000000e+03
1.052163549999999959e+05 4.486590690000000177e+05 1.467000000000000000e+03
1.998043140000000130e+05 3.555422989999999991e+05 1.468000000000000000e+03
1.128736710000000021e+05 4.825924280000000144e+05 1.547000000000000000e+03
1.103235669999999955e+05 3.907813869999999879e+05 1.569000000000000000e+03
2.122180000000000000e+05 4.958450000000000000e+05 1.574000000000000000e+03
2.616941909999999916e+05 5.286844250000000466e+05 1.583000000000000000e+03
1.706788349999999919e+05 4.496439479999999749e+05 1.602000000000000000e+03
1.358562650000000140e+05 4.424755329999999958e+05 1.609000000000000000e+03
4.906974700000000303e+04 3.894313279999999795e+05 1.637000000000000000e+03
1.572037850000000035e+05 4.635605640000000130e+05 1.643000000000000000e+03
1.905136510000000126e+05 4.479419400000000023e+05 1.684000000000000000e+03
2.277795769999999902e+05 5.264334209999999730e+05 1.698000000000000000e+03
2.018985460000000021e+05 5.031672260000000242e+05 1.703000000000000000e+03
1.089733990000000049e+05 4.012763819999999832e+05 1.743000000000000000e+03
2.371034489999999932e+05 5.257335320000000065e+05 1.746000000000000000e+03
1.079580120000000024e+05 5.003560829999999842e+05 1.767000000000000000e+03
1.412270780000000086e+05 4.527118099999999977e+05 1.774000000000000000e+03
8.821104799999999523e+04 4.198278130000000237e+05 1.779000000000000000e+03
2.395389670000000042e+05 4.787530329999999958e+05 1.815000000000000000e+03
1.231315489999999991e+05 4.279284409999999916e+05 1.822000000000000000e+03
1.341094169999999867e+05 4.527577609999999986e+05 1.831000000000000000e+03
1.991917319999999891e+05 4.981142569999999832e+05 1.835000000000000000e+03
1.487235739999999932e+05 4.703741130000000121e+05 1.869000000000000000e+03
1.287953659999999945e+05 4.614524230000000098e+05 1.909000000000000000e+03
1.796577174600000144e+05 4.676119057700000121e+05 1.910000000000000000e+03
8.538200599999999395e+04 4.527817179999999935e+05 1.915000000000000000e+03
