1.810497799999999988e+05 5.474598869999999879e+05 7.000000000000000000e+00
7.301026300000000629e+04 4.365208969999999972e+05 1.600000000000000000e+01
1.640000659999999916e+05 4.047739619999999995e+05 3.200000000000000000e+01
2.189322030000000086e+05 5.767234660000000149e+05 4.500000000000000000e+01
1.087655359999999928e+05 4.885372229999999981e+05 7.400000000000000000e+01
1.830654510000000009e+05 3.299528310000000056e+05 7.800000000000000000e+01
1.390895109999999986e+05 4.522453790000000154e+05 8.000000000000000000e+01
1.201466589999999997e+05 4.107456969999999856e+05 8.100000000000000000e+01
1.977539188499999873e+05 4.419649632800000254e+05 8.700000000000000000e+01
9.633626300000000629e+04 4.395518470000000088e+05 1.230000000000000000e+02
1.275198559999999998e+05 4.707105109999999986e+05 1.280000000000000000e+02
8.193550800000000163e+04 4.318144120000000112e+05 1.810000000000000000e+02
8.457289100000000326e+04 4.516781830000000191e+05 1.910000000000000000e+02
1.728325260000000126e+05 5.142204120000000112e+05 2.110000000000000000e+02
2.080300000000000000e+05 5.322189999999989523e+05 2.160000000000000000e+02
1.039302773500000039e+05 4.206838025800000178e+05 2.300000000000000000e+02
2.343528489999999874e+05 5.541294549999999581e+05 2.580000000000000000e+02
1.972381780000000144e+05 4.766136579999999958e+05 2.620000000000000000e+02
1.662280000000000000e+05 5.627530000000000000e+05 2.840000000000000000e+02
1.000029039999999950e+05 4.597650960000000196e+05 2.880000000000000000e+02
2.087113690000000061e+05 3.732552420000000275e+05 2.890000000000000000e+02
1.286967859999999928e+05 3.944499849999999860e+05 3.110000000000000000e+02
1.616550460000000021e+05 5.784212410000000382e+05 3.400000000000000000e+02
1.982432539999999863e+05 3.168918919999999925e+05 3.500000000000000000e+02
1.470567319999999891e+05 4.770457839999999851e+05 4.030000000000000000e+02
1.842887380000000121e+05 4.471423169999999809e+05 4.120000000000000000e+02
1.723355849999999919e+05 4.831173879999999772e+05 4.170000000000000000e+02
3.824821399999999994e+04 3.917897029999999795e+05 4.180000000000000000e+02
1.672410640000000130e+05 4.638340470000000205e+05 4.490000000000000000e+02
9.954655937000000267e+04 4.312266409700000077e+05 4.500000000000000000e+02
1.313660029999999970e+05 5.484382689999999711e+05 4.610000000000000000e+02
1.042499660000000003e+05 4.719654870000000228e+05 4.990000000000000000e+02
1.887668276499999920e+05 4.131106135900000227e+05 5.090000000000000000e+02
2.156131189000000013e+05 5.220642483500000089e+05 5.160000000000000000e+02
1.978548698800000129e+05 5.443823404599999776e+05 5.440000000000000000e+02
1.697603300000000163e+05 4.074431560000000172e+05 5.580000000000000000e+02
1.039210000000000000e+05 4.299070000000000000e+05 5.650000000000000000e+02
9.200316499999999360e+04 4.307835339999999851e+05 5.940000000000000000e+02
1.287610500000000029e+05 4.616514340000000084e+05 5.980000000000000000e+02
2.001445070000000123e+05 4.679725509999999776e+05 6.010000000000000000e+02
1.378562859999999928e+05 4.495401010000000242e+05 6.050000000000000000e+02
1.640650150000000140e+05 5.002188969999999972e+05 6.170000000000000000e+02
1.932210000000000000e+05 4.654980000000000000e+05 6.810000000000000000e+02
1.823707870000000112e+05 5.732084139999999898e+05 6.930000000000000000e+02
1.725349659999999858e+05 3.815555599999999977e+05 7.110000000000000000e+02
1.704255180000000109e+05 3.689971369999999879e+05 7.410000000000000000e+02
2.607484090000000142e+05 4.789725289999999804e+05 7.440000000000000000e+02
2.001506879999999946e+05 3.773725000000000000e+05 7.830000000000000000e+02
9.060355999999999767e+04 3.933955540000000037e+05 8.630000000000000000e+02
1.309841680000000051e+05 5.206141979999999749e+05 8.720000000000000000e+02
1.610840260000000126e+05 4.727357849999999744e+05 8.750000000000000000e+02
1.716192000000000116e+05 3.677563279999999795e+05 8.800000000000000000e+02
1.539928409999999858e+05 3.949575970000000088e+05 8.830000000000000000e+02
1.869720769999999902e+05 3.548775669999999809e+05 8.980000000000000000e+02
1.074104799999999959e+05 4.751716149999999907e+05 9.270000000000000000e+02
1.577159690000000119e+05 3.794544189999999944e+05 9.520000000000000000e+02
9.542988999999999942e+04 4.506859359999999870e+05 9.670000000000000000e+02
1.679670810000000056e+05 4.819838620000000228e+05 9.820000000000000000e+02
6.434582800000000134e+04 4.086855129999999772e+05 9.870000000000000000e+02
2.050119290000000037e+05 5.689062169999999460e+05 9.880000000000000000e+02
1.725097360000000044e+05 4.475373009999999776e+05 1.006000000000000000e+03
1.198103399999999965e+05 4.936823399999990361e+05 1.031000000000000000e+03
1.197100120000000024e+05 4.109076219999999739e+05 1.040000000000000000e+03
1.483180982099999965e+05 4.873394698000000208e+05 1.043000000000000000e+03
1.402649869999999937e+05 4.369483730000000214e+05 1.059000000000000000e+03
2.094440700000000070e+05 5.210979199999999837e+05 1.074000000000000000e+03
2.059945646499999857e+05 4.371077235399999772e+05 1.077000000000000000e+03
8.563032200000000012e+04 4.320913090000000084e+05 1.087000000000000000e+03
1.276471839999999938e+05 4.835856680000000051e+05 1.093000000000000000e+03
1.120127580000000016e+05 4.533330410000000265e+05 1.096000000000000000e+03
1.809517447600000014e+05 5.259144582500000251e+05 1.175000000000000000e+03
8.264959527999999409e+04 4.372593978800000041e+05 1.179000000000000000e+03
1.041959222699999955e+05 4.120754188299999805e+05 1.185000000000000000e+03
1.289856062800000072e+05 5.142702404400000232e+05 1.196000000000000000e+03
1.337460688000000082e+05 4.455020876600000192e+05 1.200000000000000000e+03
1.395433479999999981e+05 4.123074039999999804e+05 1.204000000000000000e+03
1.646443740000000107e+05 3.795472440000000061e+05 1.208000000000000000e+03
2.059848961499999859e+05 4.370986481299999868e+05 1.214000000000000000e+03
8.472576600000000326e+04 3.914248169999999809e+05 1.224000000000000000e+03
1.893378179999999993e+05 3.479499550000000163e+05 1.265000000000000000e+03
1.810756259999999893e+05 4.415605929999999935e+05 1.293000000000000000e+03
9.502212099999999919e+04 4.619323479999999981e+05 1.294000000000000000e+03
1.456504580000000133e+05 4.271795959999990300e+05 1.299000000000000000e+03
1.646173520000000135e+05 5.633450940000000410e+05 1.330000000000000000e+03
1.251400684000000037e+05 5.049284941300000064e+05 1.356000000000000000e+03
1.836710799999999872e+05 5.520258469999999506e+05 1.370000000000000000e+03
1.981801075300000084e+05 4.999691659799999907e+05 1.394000000000000000e+03
1.815864109999999928e+05 3.628175889999999781e+05 1.397000000000000000e+03
1.242827320000000036e+05 4.830910449999999837e+05 1.418000000000000000e+03
1.945128740000000107e+05 3.206409820000000182e+05 1.437000000000000000e+03
9.946600000000000000e+04 4.333470000000000000e+05 1.443000000000000000e+03
1.273800000000000000e+05 4.362640000000000000e+05 1.469000000000000000e+03
1.987891440000000002e+05 3.544875370000000112e+05 1.506000000000000000e+03
8.518186100000000442e+04 4.532859830000000075e+05 1.528000000000000000e+03
1.797106359700000030e+05 4.675390251699999790e+05 1.532000000000000000e+03
1.081589060000000027e+05 4.504486500000000233e+05 1.533000000000000000e+03
1.125037519999999931e+05 4.818451109999999753e+05 1.539000000000000000e+03
1.103235669999999955e+05 3.907813869999999879e+05 1.569000000000000000e+03
2.616941909999999916e+05 5.286844250000000466e+05 1.583000000000000000e+03
1.222803249999999971e+05 4.539553150000000023e+05 1.616000000000000000e+03
1.174126340000000055e+05 3.963639959999999846e+05 1.621000000000000000e+03
1.803571020000000135e+05 4.361395709999999963e+05 1.625000000000000000e+03
2.538126210000000137e+05 4.775185979999999981e+05 1.630000000000000000e+03
7.914883599999999569e+04 3.780786599999999744e+05 1.641000000000000000e+03
1.389553850000000093e+05 4.557822220000000088e+05 1.662000000000000000e+03
1.470217539999999863e+05 4.770523649999999907e+05 1.671000000000000000e+03
5.921105587999999989e+04 3.873350159400000121e+05 1.699000000000000000e+03
1.454185640000000130e+05 4.522284070000000065e+05 1.701000000000000000e+03
1.372830000000000000e+05 4.799945109999999986e+05 1.720000000000000000e+03
2.389778630000000121e+05 5.257396219999999739e+05 1.727000000000000000e+03
8.885717600000000675e+04 4.379286730000000098e+05 1.762000000000000000e+03
1.885336440000000002e+05 4.486549099999999744e+05 1.792000000000000000e+03
1.245495939999999973e+05 4.274427110000000102e+05 1.802000000000000000e+03
1.097391119999999937e+05 5.064609139999999898e+05 1.817000000000000000e+03
1.341094169999999867e+05 4.527577609999999986e+05 1.831000000000000000e+03
1.606963489999999874e+05 3.915794020000000019e+05 1.848000000000000000e+03
1.794473409999999858e+05 4.339334890000000014e+05 1.879000000000000000e+03
1.574998209999999963e+05 4.646412849999999744e+05 1.884000000000000000e+03
1.196247519999999931e+05 4.922372409999999800e+05 1.889000000000000000e+03
1.796577174600000144e+05 4.676119057700000121e+05 1.910000000000000000e+03
