1.104892489999999962e+05 4.531129710000000196e+05 2.300000000000000000e+01
1.608516235400000005e+05 4.974975097800000221e+05 6.800000000000000000e+01
9.633626300000000629e+04 4.395518470000000088e+05 1.230000000000000000e+02
1.322177380800000101e+05 4.408326709300000221e+05 1.290000000000000000e+02
2.669995250000000233e+05 5.752914799999999814e+05 1.400000000000000000e+02
1.555298940000000002e+05 3.925743840000000200e+05 1.450000000000000000e+02
1.108385339999999997e+05 4.856741440000010189e+05 1.520000000000000000e+02
1.033800910000000003e+05 4.117558190000000177e+05 1.600000000000000000e+02
1.080196371999999974e+05 4.262937689300000202e+05 1.850000000000000000e+02
1.276175960000000050e+05 4.666503560000000289e+05 2.070000000000000000e+02
2.134207680000000109e+05 5.741833390000000363e+05 2.130000000000000000e+02
2.094465950000000012e+05 4.391079239999999991e+05 2.140000000000000000e+02
1.442418600000000151e+05 4.117381049999999814e+05 2.320000000000000000e+02
1.640389610000000102e+05 5.002368049999999930e+05 2.430000000000000000e+02
2.270525599999999977e+05 5.353399320000000298e+05 2.690000000000000000e+02
2.087113690000000061e+05 3.732552420000000275e+05 2.890000000000000000e+02
1.180676135199999990e+05 4.885911087100000004e+05 2.960000000000000000e+02
2.717701529999999912e+05 5.756457550000000047e+05 2.970000000000000000e+02
1.961217270000000135e+05 4.981718520000000135e+05 3.890000000000000000e+02
1.312537900000000081e+05 5.491841720000000205e+05 3.900000000000000000e+02
5.765418499999999767e+04 3.872581450000000186e+05 3.950000000000000000e+02
1.614068127600000007e+05 3.897361869799999986e+05 4.080000000000000000e+02
1.824683379999999888e+05 4.861507130000020261e+05 4.130000000000000000e+02
2.012630000000000000e+05 5.022920000000000000e+05 4.420000000000000000e+02
1.106810000000000000e+05 5.179750000000000000e+05 4.740000000000000000e+02
1.829903539999999921e+05 3.319959870000000228e+05 5.200000000000000000e+02
1.058312049300000072e+05 4.954471076200000243e+05 5.380000000000000000e+02
1.072677529999999970e+05 4.056953290000000270e+05 5.490000000000000000e+02
1.034697010000000009e+05 4.717952370000020019e+05 5.570000000000000000e+02
8.151741638999999850e+04 4.483555341899999767e+05 5.730000000000000000e+02
1.082273000000000029e+05 4.274289839999999967e+05 5.930000000000000000e+02
1.834784629999999888e+05 4.483362860000000219e+05 6.180000000000000000e+02
1.674046020000000135e+05 4.589071900000000023e+05 6.350000000000000000e+02
1.308573228499999968e+05 5.224822547899999772e+05 6.570000000000000000e+02
1.337537930000000051e+05 4.117613879999999772e+05 7.080000000000000000e+02
9.619502000000000407e+04 4.399859430000000284e+05 7.170000000000000000e+02
1.905805840000000026e+05 5.544038050000000512e+05 7.280000000000000000e+02
1.918640020000000077e+05 4.061483560000000289e+05 7.470000000000000000e+02
1.773143319999999949e+05 4.299542590000000200e+05 7.800000000000000000e+02
2.015460299999999988e+05 3.864010810000000056e+05 7.850000000000000000e+02
8.372628007999999681e+04 4.376576181600000127e+05 7.880000000000000000e+02
1.859454590000000026e+05 3.789921759999999776e+05 7.910000000000000000e+02
1.982638040000000037e+05 4.417670760000000009e+05 8.130000000000000000e+02
2.329778260000000009e+05 5.547200500000000466e+05 8.380000000000000000e+02
1.420878900000000140e+05 4.290252609999999986e+05 8.470000000000000000e+02
9.498339100000000326e+04 4.293575540000000037e+05 8.570000000000000000e+02
1.673717669999999925e+05 3.722599060000000172e+05 8.690000000000000000e+02
1.939499215700000059e+05 3.514172325500000152e+05 8.700000000000000000e+02
1.074378810099999973e+05 4.886518664400000125e+05 8.820000000000000000e+02
1.983555895799999998e+05 4.667344870499999961e+05 8.890000000000000000e+02
9.630500000000000000e+04 4.366270000000000000e+05 9.480000000000000000e+02
1.577159690000000119e+05 3.794544189999999944e+05 9.520000000000000000e+02
7.925655000000000291e+04 3.949056390000000247e+05 9.630000000000000000e+02
1.807336469199999992e+05 5.288891468899999745e+05 9.660000000000000000e+02
2.462110789999999979e+05 4.795315999999999767e+05 9.710000000000000000e+02
2.508056080000000075e+05 5.622315470000000205e+05 9.930000000000000000e+02
1.903407119999999995e+05 4.922470430000000051e+05 1.004000000000000000e+03
1.725097360000000044e+05 4.475373009999999776e+05 1.006000000000000000e+03
1.015020000000000000e+05 4.300680000000000000e+05 1.013000000000000000e+03
1.198103399999999965e+05 4.936823399999990361e+05 1.031000000000000000e+03
8.474910000000000582e+04 4.324013769999999786e+05 1.038000000000000000e+03
1.197100120000000024e+05 4.109076219999999739e+05 1.040000000000000000e+03
1.211952744499999972e+05 4.786312425100019900e+05 1.069000000000000000e+03
1.276471839999999938e+05 4.835856680000000051e+05 1.093000000000000000e+03
1.960378260000000009e+05 4.612997999999999884e+05 1.109000000000000000e+03
1.666639299999999930e+05 4.367852779999999912e+05 1.124000000000000000e+03
1.661707419999999984e+05 4.367812970000000205e+05 1.132000000000000000e+03
8.224602999999999884e+04 4.495830300000000279e+05 1.178000000000000000e+03
1.289856062800000072e+05 5.142702404400000232e+05 1.196000000000000000e+03
9.052248760999999649e+04 4.636837813300000271e+05 1.202000000000000000e+03
1.646443740000000107e+05 3.795472440000000061e+05 1.208000000000000000e+03
1.505645343400000129e+05 4.891053710399999982e+05 1.229000000000000000e+03
7.616747500000000582e+04 4.400090619999999763e+05 1.254000000000000000e+03
1.687320500000000175e+05 4.061332390000000014e+05 1.278000000000000000e+03
2.112895799999999872e+05 4.723648439999999828e+05 1.305000000000000000e+03
1.533260860000000102e+05 4.126745399999999790e+05 1.332000000000000000e+03
1.328182767699999968e+05 4.491607556600000244e+05 1.339000000000000000e+03
9.234918822999999975e+04 4.594254572700000135e+05 1.364000000000000000e+03
9.591001499999999942e+04 4.625308380000020261e+05 1.368000000000000000e+03
1.815864109999999928e+05 3.628175889999999781e+05 1.397000000000000000e+03
9.168436299999999756e+04 3.983815360000000219e+05 1.401000000000000000e+03
1.485719770000000135e+05 4.584018800000000047e+05 1.442000000000000000e+03
1.251712500000000000e+05 4.774968229999999749e+05 1.449000000000000000e+03
1.426804739999999874e+05 4.323135470000000205e+05 1.463000000000000000e+03
1.052163549999999959e+05 4.486590690000000177e+05 1.467000000000000000e+03
1.066857140000000072e+05 4.493390659999999916e+05 1.509000000000000000e+03
1.873847060000000056e+05 3.461249569999999949e+05 1.535000000000000000e+03
1.128736710000000021e+05 4.825924280000000144e+05 1.547000000000000000e+03
1.358445070000000123e+05 4.439430459999990417e+05 1.558000000000000000e+03
2.364728750000000000e+05 5.817501489999999758e+05 1.570000000000000000e+03
1.360085700000000070e+05 4.446950089999989723e+05 1.584000000000000000e+03
1.028770069999999978e+05 4.255656570000000065e+05 1.587000000000000000e+03
1.161068629999999976e+05 4.001211759999999776e+05 1.593000000000000000e+03
1.501978129999999946e+05 4.090716959999999963e+05 1.597000000000000000e+03
1.706788349999999919e+05 4.496439479999999749e+05 1.602000000000000000e+03
1.803571020000000135e+05 4.361395709999999963e+05 1.625000000000000000e+03
1.391465210000000079e+05 4.567360380000000005e+05 1.633000000000000000e+03
1.439087460000000137e+05 4.708021639999999898e+05 1.640000000000000000e+03
7.914883599999999569e+04 3.780786599999999744e+05 1.641000000000000000e+03
1.836706039999999921e+05 5.689236689999999944e+05 1.660000000000000000e+03
5.921105587999999989e+04 3.873350159400000121e+05 1.699000000000000000e+03
1.372830000000000000e+05 4.799945109999999986e+05 1.720000000000000000e+03
1.044745019999999931e+05 4.460700879999999888e+05 1.724000000000000000e+03
8.885717600000000675e+04 4.379286730000000098e+05 1.762000000000000000e+03
2.047980320000000065e+05 3.670072839999999851e+05 1.764000000000000000e+03
1.412270780000000086e+05 4.527118099999999977e+05 1.774000000000000000e+03
1.885336440000000002e+05 4.486549099999999744e+05 1.792000000000000000e+03
8.658253599999999278e+04 4.139724799999999814e+05 1.806000000000000000e+03
8.876503299999999581e+04 4.519703489999999874e+05 1.823000000000000000e+03
8.881531299999999464e+04 3.942203169999999809e+05 1.827000000000000000e+03
1.577497159999999858e+05 4.653221859999999870e+05 1.839000000000000000e+03
1.333975989999999874e+05 4.537965910000000149e+05 1.860000000000000000e+03
2.478471080000000075e+05 4.782697750000000233e+05 1.874000000000000000e+03
1.093947441399999952e+05 5.033303003100000205e+05 1.887000000000000000e+03
1.923212609999999986e+05 4.500998369999999995e+05 1.903000000000000000e+03
8.580912812999999733e+04 4.533917799600000144e+05 1.904000000000000000e+03
1.287953659999999945e+05 4.614524230000000098e+05 1.909000000000000000e+03
1.796577174600000144e+05 4.676119057700000121e+05 1.910000000000000000e+03
1.783421529999999912e+05 3.160308209999999963e+05 1.921000000000000000e+03
1.249214320000000007e+05 4.286514909999999800e+05 1.931000000000000000e+03
