1.675577540000000154e+05 4.141003890000000247e+05 5.000000000000000000e+00
1.497628250000000116e+05 4.049783919999999925e+05 9.000000000000000000e+00
1.510316139499999990e+05 4.308279177800000180e+05 4.400000000000000000e+01
8.547515447999999742e+04 4.129488256099999999e+05 4.600000000000000000e+01
1.446567680000000109e+05 4.118373040000000037e+05 7.100000000000000000e+01
1.390895109999999986e+05 4.522453790000000154e+05 8.000000000000000000e+01
1.940200000000000000e+05 4.022680000000000000e+05 1.150000000000000000e+02
1.275198559999999998e+05 4.707105109999999986e+05 1.280000000000000000e+02
1.151264499999999971e+05 4.260978290000000270e+05 1.340000000000000000e+02
1.474802520000000077e+05 3.737907980000000098e+05 1.390000000000000000e+02
2.048111790000000037e+05 3.669925540000000037e+05 1.420000000000000000e+02
1.555298940000000002e+05 3.925743840000000200e+05 1.450000000000000000e+02
1.335469049999999988e+05 4.544066940000000177e+05 1.540000000000000000e+02
2.083846739999999991e+05 5.077029689999999828e+05 1.550000000000000000e+02
7.542533500000000640e+04 4.417790920000000042e+05 1.670000000000000000e+02
1.491410929999999935e+05 4.144353260000000009e+05 1.690000000000000000e+02
8.457289100000000326e+04 4.516781830000000191e+05 1.910000000000000000e+02
1.284284470000000001e+05 3.944577210000000196e+05 2.000000000000000000e+02
1.728325260000000126e+05 5.142204120000000112e+05 2.110000000000000000e+02
2.094465950000000012e+05 4.391079239999999991e+05 2.140000000000000000e+02
6.795891048999999475e+04 3.818993833800000139e+05 2.180000000000000000e+02
1.441737960000000021e+05 3.924929799999999814e+05 2.380000000000000000e+02
9.820080199999999604e+04 4.495853209999999963e+05 2.660000000000000000e+02
1.698361590000000142e+05 5.616396670000000158e+05 2.860000000000000000e+02
1.000029039999999950e+05 4.597650960000000196e+05 2.880000000000000000e+02
2.717701529999999912e+05 5.756457550000000047e+05 2.970000000000000000e+02
4.698160599999999977e+04 4.167435999999999767e+05 3.020000000000000000e+02
8.487017600000000675e+04 4.368128369999999995e+05 3.040000000000000000e+02
1.191231989999999932e+05 4.914756589999999851e+05 3.250000000000000000e+02
1.767513209999999963e+05 3.814982829999999958e+05 3.300000000000000000e+02
1.982432539999999863e+05 3.168918919999999925e+05 3.500000000000000000e+02
7.418571400000000722e+04 4.356042289999999921e+05 3.850000000000000000e+02
1.094835219999999972e+05 4.569848780000000261e+05 4.020000000000000000e+02
8.815264800000000105e+04 4.104931219999999739e+05 4.090000000000000000e+02
1.723355849999999919e+05 4.831173879999999772e+05 4.170000000000000000e+02
1.226557449999999953e+05 4.826924760000000242e+05 4.360000000000000000e+02
1.311270020000000077e+05 5.294634039999999804e+05 4.620000000000000000e+02
1.225431640000000043e+05 4.172704330000000191e+05 4.950000000000000000e+02
1.957150000000000000e+05 4.440360000000000000e+05 5.170000000000000000e+02
1.402943300000000163e+05 4.837107610000030254e+05 5.310000000000000000e+02
2.336533019999999960e+05 5.802608760000000475e+05 5.340000000000000000e+02
1.168299339999999938e+05 4.534386190000000061e+05 5.700000000000000000e+02
9.200316499999999360e+04 4.307835339999999851e+05 5.940000000000000000e+02
1.287610500000000029e+05 4.616514340000000084e+05 5.980000000000000000e+02
1.858710109999999986e+05 4.673735009999999893e+05 6.070000000000000000e+02
1.793489490100000112e+05 5.220654787600010168e+05 6.080000000000000000e+02
1.590283310000000056e+05 4.644209890000000014e+05 6.130000000000000000e+02
1.831266160000000091e+05 3.308320449999999837e+05 6.460000000000000000e+02
1.310449379999999946e+05 4.825921120000029914e+05 6.680000000000000000e+02
1.800221719999999914e+05 5.446317530000000261e+05 7.010000000000000000e+02
1.337537930000000051e+05 4.117613879999999772e+05 7.080000000000000000e+02
2.087649010000000126e+05 3.787979890000000014e+05 7.100000000000000000e+02
1.285621649999999936e+05 4.544932779999999912e+05 7.340000000000000000e+02
1.461185800000000163e+05 4.262878109999999870e+05 7.790000000000000000e+02
1.121289499999999971e+05 4.834262069999999949e+05 8.100000000000000000e+02
1.815829590000000026e+05 4.265874029999999912e+05 8.550000000000000000e+02
9.060355999999999767e+04 3.933955540000000037e+05 8.630000000000000000e+02
1.159337464100000070e+05 3.990255978599999798e+05 8.870000000000000000e+02
4.498711600000000180e+04 3.896260980000010459e+05 8.920000000000000000e+02
2.228912600000000093e+05 4.736293499999999767e+05 8.940000000000000000e+02
1.078613270000000048e+05 4.926424420000010286e+05 9.210000000000000000e+02
1.080014269999999960e+05 4.758269519999999902e+05 9.300000000000000000e+02
2.316421650000000081e+05 4.866076649999999790e+05 9.410000000000000000e+02
9.630500000000000000e+04 4.366270000000000000e+05 9.480000000000000000e+02
1.577159690000000119e+05 3.794544189999999944e+05 9.520000000000000000e+02
1.673816769999999960e+05 4.502944390000000130e+05 9.690000000000000000e+02
8.586007700000000477e+04 4.329765979999999981e+05 9.700000000000000000e+02
2.462110789999999979e+05 4.795315999999999767e+05 9.710000000000000000e+02
1.554154139999999898e+05 5.691074279999999562e+05 9.760000000000000000e+02
2.508056080000000075e+05 5.622315470000000205e+05 9.930000000000000000e+02
8.596615399999999499e+04 4.470944180000000051e+05 1.016000000000000000e+03
1.017288650000000052e+05 4.282161730000000098e+05 1.017000000000000000e+03
1.343440830000000133e+05 4.442075749999990221e+05 1.019000000000000000e+03
2.343830819999999949e+05 4.779552430000000168e+05 1.055000000000000000e+03
8.067222900000000664e+04 3.896531809999999823e+05 1.065000000000000000e+03
1.441719189999999944e+05 3.924801959999999963e+05 1.097000000000000000e+03
1.972435679999999993e+05 5.602656709999999730e+05 1.105000000000000000e+03
1.400535500000000175e+05 4.004840169999999925e+05 1.159000000000000000e+03
1.237099574500000017e+05 5.018351215199999860e+05 1.170000000000000000e+03
1.937608644999999960e+05 4.591759991700000246e+05 1.174000000000000000e+03
8.224602999999999884e+04 4.495830300000000279e+05 1.178000000000000000e+03
1.108314619999999995e+05 5.358958789999999572e+05 1.197000000000000000e+03
1.004878747699999949e+05 4.090924240199999767e+05 1.216000000000000000e+03
1.101774299999999930e+05 4.274175339999999851e+05 1.226000000000000000e+03
2.104846920000000100e+05 5.240977480000000214e+05 1.252000000000000000e+03
1.893378179999999993e+05 3.479499550000000163e+05 1.265000000000000000e+03
4.722948200000000361e+04 3.684973410000000149e+05 1.310000000000000000e+03
1.984567600000000093e+05 4.869313360000000102e+05 1.342000000000000000e+03
1.389899580000000133e+05 4.388267970000000205e+05 1.350000000000000000e+03
9.591001499999999942e+04 4.625308380000020261e+05 1.368000000000000000e+03
1.429479480000000040e+05 4.568483389999999781e+05 1.386000000000000000e+03
1.059999130000000005e+05 4.736339620000020950e+05 1.387000000000000000e+03
1.981801075300000084e+05 4.999691659799999907e+05 1.394000000000000000e+03
1.790625620000000054e+05 3.656572669999999925e+05 1.425000000000000000e+03
9.946600000000000000e+04 4.333470000000000000e+05 1.443000000000000000e+03
2.507972859999999928e+05 4.663049959999999846e+05 1.457000000000000000e+03
1.236160380000000005e+05 4.827480829999999842e+05 1.462000000000000000e+03
1.523378660000000091e+05 4.530294459999999963e+05 1.500000000000000000e+03
2.122704934200000134e+05 4.399186790599999949e+05 1.508000000000000000e+03
1.081589060000000027e+05 4.504486500000000233e+05 1.533000000000000000e+03
1.199009410000000062e+05 4.093680800000000163e+05 1.552000000000000000e+03
2.122180000000000000e+05 4.958450000000000000e+05 1.574000000000000000e+03
2.544160868400000036e+05 5.852751809900000226e+05 1.615000000000000000e+03
1.803571020000000135e+05 4.361395709999999963e+05 1.625000000000000000e+03
8.173594100000000617e+04 4.454515740000000224e+05 1.626000000000000000e+03
2.538126210000000137e+05 4.775185979999999981e+05 1.630000000000000000e+03
1.142630960000000050e+05 3.944673570000000182e+05 1.635000000000000000e+03
7.914883599999999569e+04 3.780786599999999744e+05 1.641000000000000000e+03
1.572037850000000035e+05 4.635605640000000130e+05 1.643000000000000000e+03
1.452295089999999909e+05 4.721854799999999814e+05 1.674000000000000000e+03
1.089733990000000049e+05 4.012763819999999832e+05 1.743000000000000000e+03
2.047980320000000065e+05 3.670072839999999851e+05 1.764000000000000000e+03
1.079580120000000024e+05 5.003560829999999842e+05 1.767000000000000000e+03
9.267784037999999418e+04 4.396293324499999871e+05 1.790000000000000000e+03
1.243388070000000007e+05 4.266093319999999949e+05 1.801000000000000000e+03
1.786107500000000000e+05 3.195849689999999828e+05 1.804000000000000000e+03
1.304745899999999965e+05 4.280973339999999735e+05 1.883000000000000000e+03
1.196247519999999931e+05 4.922372409999999800e+05 1.889000000000000000e+03
1.287953659999999945e+05 4.614524230000000098e+05 1.909000000000000000e+03
8.506515000000000873e+04 4.533599729999999981e+05 1.925000000000000000e+03
