1.182238249999999971e+05 4.104810729999999749e+05 1.200000000000000000e+01
1.379435270000000019e+05 4.818928360000000102e+05 6.200000000000000000e+01
8.772145249999999942e+04 4.613945831400000025e+05 6.600000000000000000e+01
1.608516235400000005e+05 4.974975097800000221e+05 6.800000000000000000e+01
9.633626300000000629e+04 4.395518470000000088e+05 1.230000000000000000e+02
1.275198559999999998e+05 4.707105109999999986e+05 1.280000000000000000e+02
1.151264499999999971e+05 4.260978290000000270e+05 1.340000000000000000e+02
2.271983219999999856e+05 5.249920860000000102e+05 1.570000000000000000e+02
1.491410929999999935e+05 4.144353260000000009e+05 1.690000000000000000e+02
1.121582529999999970e+05 4.869519139999999898e+05 1.760000000000000000e+02
2.564875100000000093e+05 5.772364200000000419e+05 2.080000000000000000e+02
1.728325260000000126e+05 5.142204120000000112e+05 2.110000000000000000e+02
1.040195489999999991e+05 4.301473400000000256e+05 2.800000000000000000e+02
1.222681950000000070e+05 3.962084569999999949e+05 2.940000000000000000e+02
1.767513209999999963e+05 3.814982829999999958e+05 3.300000000000000000e+02
1.030492824799999944e+05 4.168478019799999893e+05 3.490000000000000000e+02
1.817845869999999995e+05 4.257759220000000205e+05 3.730000000000000000e+02
7.418571400000000722e+04 4.356042289999999921e+05 3.850000000000000000e+02
1.842887380000000121e+05 4.471423169999999809e+05 4.120000000000000000e+02
3.824821399999999994e+04 3.917897029999999795e+05 4.180000000000000000e+02
1.305473790000000008e+05 5.260641210000000428e+05 4.370000000000000000e+02
9.954655937000000267e+04 4.312266409700000077e+05 4.500000000000000000e+02
1.109184039999999950e+05 4.075794760000000242e+05 4.510000000000000000e+02
1.789686400000000140e+05 5.427318719999999739e+05 4.590000000000000000e+02
1.161245979999999981e+05 4.805914209999999730e+05 4.670000000000000000e+02
2.018217580000000016e+05 5.672178789999999572e+05 5.050000000000000000e+02
1.957150000000000000e+05 4.440360000000000000e+05 5.170000000000000000e+02
1.829903539999999921e+05 3.319959870000000228e+05 5.200000000000000000e+02
2.364052829999999958e+05 5.645248479999999981e+05 5.230000000000000000e+02
8.382921799999999348e+04 4.408805669999999809e+05 5.320000000000000000e+02
1.776472239999999874e+05 5.398810379999999423e+05 5.350000000000000000e+02
1.034697010000000009e+05 4.717952370000020019e+05 5.570000000000000000e+02
1.168299339999999938e+05 4.534386190000000061e+05 5.700000000000000000e+02
1.974411648700000078e+05 4.788934162099999958e+05 5.840000000000000000e+02
1.082273000000000029e+05 4.274289839999999967e+05 5.930000000000000000e+02
1.378562859999999928e+05 4.495401010000000242e+05 6.050000000000000000e+02
9.717109799999999814e+04 4.348631469999999972e+05 6.520000000000000000e+02
1.528890460000000021e+05 3.892339920000000275e+05 6.590000000000000000e+02
1.088103347700000013e+05 4.877862649199999869e+05 6.750000000000000000e+02
9.715136999999999534e+04 4.311531770000000251e+05 6.910000000000000000e+02
1.564450543400000024e+05 5.712049486500000348e+05 7.220000000000000000e+02
1.905805840000000026e+05 5.544038050000000512e+05 7.280000000000000000e+02
2.491580750000000116e+05 5.278460470000000205e+05 7.510000000000000000e+02
1.663112699999999895e+05 4.787725370000000112e+05 7.730000000000000000e+02
1.318103280000000086e+05 3.944846149999999907e+05 7.810000000000000000e+02
2.001506879999999946e+05 3.773725000000000000e+05 7.830000000000000000e+02
1.429599605199999933e+05 4.568384567500000121e+05 7.870000000000000000e+02
1.639840609999999870e+05 3.765685839999999735e+05 8.040000000000000000e+02
2.039250370000000112e+05 5.043855509999999776e+05 8.250000000000000000e+02
1.815998850000000093e+05 5.219489729999999981e+05 8.670000000000000000e+02
1.673717669999999925e+05 3.722599060000000172e+05 8.690000000000000000e+02
1.610840260000000126e+05 4.727357849999999744e+05 8.750000000000000000e+02
8.151744000000000233e+04 4.458768879999999772e+05 8.850000000000000000e+02
1.577159690000000119e+05 3.794544189999999944e+05 9.520000000000000000e+02
1.994977099999999919e+05 3.151879349999999977e+05 9.620000000000000000e+02
1.312272284999999974e+05 5.180240304999999935e+05 9.720000000000000000e+02
1.782918619999999937e+05 3.170790690000000177e+05 9.800000000000000000e+02
1.019027799999999988e+05 4.678224199999999837e+05 9.860000000000000000e+02
4.197830599999999686e+04 4.133839400000000023e+05 1.001000000000000000e+03
9.513093799999999464e+04 3.957166589999999851e+05 1.003000000000000000e+03
9.391982000000000698e+04 4.607135260000000126e+05 1.011000000000000000e+03
1.483180982099999965e+05 4.873394698000000208e+05 1.043000000000000000e+03
1.660881529999999912e+05 4.781237579999999725e+05 1.049000000000000000e+03
2.059945646499999857e+05 4.371077235399999772e+05 1.077000000000000000e+03
1.500642399999999907e+05 4.156084060000000172e+05 1.081000000000000000e+03
8.563032200000000012e+04 4.320913090000000084e+05 1.087000000000000000e+03
8.028590000000000873e+04 3.913249628299999749e+05 1.088000000000000000e+03
1.400535500000000175e+05 4.004840169999999925e+05 1.159000000000000000e+03
2.352342571400000015e+05 5.619727162099999841e+05 1.186000000000000000e+03
1.337460688000000082e+05 4.455020876600000192e+05 1.200000000000000000e+03
8.029997299999999814e+04 3.862232390000000014e+05 1.217000000000000000e+03
1.883796279999999970e+05 4.352878150000000023e+05 1.225000000000000000e+03
8.323700000000000000e+04 4.505980000000000000e+05 1.233000000000000000e+03
1.599156987399999925e+05 3.896235010800000164e+05 1.245000000000000000e+03
1.893378179999999993e+05 3.479499550000000163e+05 1.265000000000000000e+03
1.456504580000000133e+05 4.271795959999990300e+05 1.299000000000000000e+03
1.255402069999999949e+05 4.839595470000000205e+05 1.326000000000000000e+03
1.272167970000000059e+05 4.714667839999999851e+05 1.331000000000000000e+03
1.845758099999999977e+05 3.298831670000000158e+05 1.337000000000000000e+03
1.147301530000000057e+05 4.262734079999999958e+05 1.354000000000000000e+03
1.429479480000000040e+05 4.568483389999999781e+05 1.386000000000000000e+03
2.104854139999999898e+05 5.157089280000000144e+05 1.431000000000000000e+03
1.914825560000000114e+05 5.754268869999999879e+05 1.465000000000000000e+03
1.052163549999999959e+05 4.486590690000000177e+05 1.467000000000000000e+03
2.395369724400000123e+05 4.787752199099999852e+05 1.479000000000000000e+03
6.342052599999999802e+04 3.837110420000000158e+05 1.498000000000000000e+03
1.708646199999999953e+05 5.604988649999999907e+05 1.499000000000000000e+03
1.987891440000000002e+05 3.544875370000000112e+05 1.506000000000000000e+03
1.081589060000000027e+05 4.504486500000000233e+05 1.533000000000000000e+03
1.094940540000000037e+05 3.978287260000000242e+05 1.542000000000000000e+03
1.841107259999999951e+05 5.676250230000040028e+05 1.594000000000000000e+03
1.149319020000000019e+05 4.827550180000009714e+05 1.599000000000000000e+03
1.174126340000000055e+05 3.963639959999999846e+05 1.621000000000000000e+03
1.391465210000000079e+05 4.567360380000000005e+05 1.633000000000000000e+03
1.439087460000000137e+05 4.708021639999999898e+05 1.640000000000000000e+03
7.914883599999999569e+04 3.780786599999999744e+05 1.641000000000000000e+03
2.369920020000000077e+05 5.824053989999999758e+05 1.654000000000000000e+03
1.546727609999999986e+05 4.336662779999999912e+05 1.702000000000000000e+03
1.302787550000000047e+05 5.408635770000000484e+05 1.731000000000000000e+03
1.094626440000000002e+05 5.248175089999999618e+05 1.738000000000000000e+03
1.216325029999999970e+05 5.008222010000000009e+05 1.750000000000000000e+03
9.681998399999999674e+04 4.407840729999999749e+05 1.751000000000000000e+03
9.544474800000000687e+04 4.506986089999999967e+05 1.765000000000000000e+03
1.544114696399999957e+05 4.334767951500000199e+05 1.768000000000000000e+03
8.821104799999999523e+04 4.198278130000000237e+05 1.779000000000000000e+03
1.686473239999999932e+05 4.169659899999999907e+05 1.797000000000000000e+03
1.075840289999999950e+05 4.996236639999999898e+05 1.798000000000000000e+03
2.395389670000000042e+05 4.787530329999999958e+05 1.815000000000000000e+03
8.738575100000000384e+04 4.424637669999999925e+05 1.819000000000000000e+03
1.940244970000000030e+05 4.022791429999999818e+05 1.830000000000000000e+03
1.341094169999999867e+05 4.527577609999999986e+05 1.831000000000000000e+03
2.038642069999999949e+05 4.694963589999999967e+05 1.845000000000000000e+03
2.070882300000000105e+05 4.712775800000000163e+05 1.857000000000000000e+03
1.846038910000000033e+05 5.659089370000000345e+05 1.867000000000000000e+03
1.250870029999999970e+05 4.293560719999999856e+05 1.876000000000000000e+03
1.794473409999999858e+05 4.339334890000000014e+05 1.879000000000000000e+03
1.574998209999999963e+05 4.646412849999999744e+05 1.884000000000000000e+03
8.483432799999999406e+04 4.534905979999999981e+05 1.899000000000000000e+03
1.796577174600000144e+05 4.676119057700000121e+05 1.910000000000000000e+03
1.218984520000000048e+05 4.929787739999999758e+05 1.918000000000000000e+03
