1.948060000000000000e+05 3.766830000000000000e+05 1.000000000000000000e+00
7.044950299999999697e+04 4.389974689999999828e+05 1.500000000000000000e+01
2.370218603500000027e+05 5.687233222799999639e+05 5.500000000000000000e+01
1.201466589999999997e+05 4.107456969999999856e+05 8.100000000000000000e+01
9.377462200000000303e+04 4.690850669999999809e+05 1.010000000000000000e+02
9.203197500000000582e+04 3.941487640000000247e+05 1.180000000000000000e+02
1.275198559999999998e+05 4.707105109999999986e+05 1.280000000000000000e+02
1.158700981800000009e+05 4.531238402299999725e+05 1.320000000000000000e+02
1.474802520000000077e+05 3.737907980000000098e+05 1.390000000000000000e+02
2.048111790000000037e+05 3.669925540000000037e+05 1.420000000000000000e+02
2.083846739999999991e+05 5.077029689999999828e+05 1.550000000000000000e+02
6.795891048999999475e+04 3.818993833800000139e+05 2.180000000000000000e+02
1.933649800000000105e+05 3.509345100000000093e+05 2.270000000000000000e+02
1.640389610000000102e+05 5.002368049999999930e+05 2.430000000000000000e+02
9.820080199999999604e+04 4.495853209999999963e+05 2.660000000000000000e+02
2.551245640000000130e+05 5.769377510000000475e+05 2.680000000000000000e+02
1.222681950000000070e+05 3.962084569999999949e+05 2.940000000000000000e+02
1.298554089999999997e+05 4.406336230000000214e+05 3.000000000000000000e+02
8.060658699999999953e+04 3.885539050000000279e+05 3.260000000000000000e+02
5.260805200000000332e+04 3.888390999999999767e+05 3.280000000000000000e+02
8.028716899999999441e+04 3.862229309999999823e+05 3.310000000000000000e+02
1.982432539999999863e+05 3.168918919999999925e+05 3.500000000000000000e+02
2.400452609999999986e+05 4.511159789999999921e+05 3.620000000000000000e+02
1.513435780000000086e+05 4.850250189999999711e+05 3.630000000000000000e+02
1.676152220000000088e+05 4.644639459999999963e+05 3.880000000000000000e+02
2.596372799999999988e+05 4.789796489999999758e+05 3.980000000000000000e+02
1.041552810000000027e+05 4.239486940000000177e+05 4.040000000000000000e+02
9.954655937000000267e+04 4.312266409700000077e+05 4.500000000000000000e+02
1.109184039999999950e+05 4.075794760000000242e+05 4.510000000000000000e+02
2.051171559999999881e+05 5.689903299999999581e+05 4.570000000000000000e+02
1.313660029999999970e+05 5.484382689999999711e+05 4.610000000000000000e+02
1.106810000000000000e+05 5.179750000000000000e+05 4.740000000000000000e+02
8.504760199999999895e+04 4.359076149999999907e+05 5.150000000000000000e+02
1.957150000000000000e+05 4.440360000000000000e+05 5.170000000000000000e+02
1.015396290000000008e+05 4.097744579999999842e+05 5.210000000000000000e+02
1.776472239999999874e+05 5.398810379999999423e+05 5.350000000000000000e+02
3.824915400000000227e+04 3.918046919999999809e+05 5.590000000000000000e+02
1.668805549999999930e+05 4.504525979999999981e+05 5.710000000000000000e+02
1.417568720000000030e+05 4.340175680000000284e+05 5.860000000000000000e+02
1.858710109999999986e+05 4.673735009999999893e+05 6.070000000000000000e+02
1.834784629999999888e+05 4.483362860000000219e+05 6.180000000000000000e+02
1.408475730000000040e+05 4.655777770000000019e+05 6.190000000000000000e+02
1.873167669999999925e+05 4.342068069999999716e+05 6.450000000000000000e+02
1.556030329999999958e+05 3.883416020000000135e+05 6.480000000000000000e+02
1.088103347700000013e+05 4.877862649199999869e+05 6.750000000000000000e+02
1.725349659999999858e+05 3.815555599999999977e+05 7.110000000000000000e+02
1.746187360000000044e+05 4.471894969999999739e+05 7.330000000000000000e+02
1.310697330800000054e+05 4.537584803800000227e+05 7.560000000000000000e+02
8.400490399999999499e+04 4.404835619999999763e+05 7.570000000000000000e+02
1.973059310000000114e+05 3.950184225200000219e+05 8.080000000000000000e+02
2.296783839999999909e+05 5.417439660000000149e+05 8.260000000000000000e+02
1.875490160000000033e+05 3.540396340000000200e+05 8.410000000000000000e+02
9.498339100000000326e+04 4.293575540000000037e+05 8.570000000000000000e+02
1.828881350000000093e+05 4.237672989999999991e+05 8.810000000000000000e+02
8.151744000000000233e+04 4.458768879999999772e+05 8.850000000000000000e+02
2.228912600000000093e+05 4.736293499999999767e+05 8.940000000000000000e+02
1.467947919999999867e+05 4.136947590000000200e+05 9.200000000000000000e+02
1.080014269999999960e+05 4.758269519999999902e+05 9.300000000000000000e+02
1.788163602700000047e+05 3.120438398900000029e+05 9.350000000000000000e+02
1.312272284999999974e+05 5.180240304999999935e+05 9.720000000000000000e+02
1.019027799999999988e+05 4.678224199999999837e+05 9.860000000000000000e+02
1.343440830000000133e+05 4.442075749999990221e+05 1.019000000000000000e+03
1.198103399999999965e+05 4.936823399999990361e+05 1.031000000000000000e+03
1.402649869999999937e+05 4.369483730000000214e+05 1.059000000000000000e+03
2.094440700000000070e+05 5.210979199999999837e+05 1.074000000000000000e+03
2.059945646499999857e+05 4.371077235399999772e+05 1.077000000000000000e+03
2.105366203300000052e+05 5.152536950499999803e+05 1.104000000000000000e+03
1.809517447600000014e+05 5.259144582500000251e+05 1.175000000000000000e+03
1.041959222699999955e+05 4.120754188299999805e+05 1.185000000000000000e+03
1.977069727800000110e+05 4.664505296400000225e+05 1.190000000000000000e+03
9.647700000000000000e+04 4.366430000000000000e+05 1.206000000000000000e+03
8.430341899999999441e+04 4.495135979999999981e+05 1.218000000000000000e+03
1.698017741099999985e+05 5.790617068499999586e+05 1.228000000000000000e+03
7.924959600000000501e+04 4.006389930000000168e+05 1.231000000000000000e+03
1.597277030000000086e+05 4.350331689999999944e+05 1.250000000000000000e+03
7.616747500000000582e+04 4.400090619999999763e+05 1.254000000000000000e+03
2.477711440000000002e+05 5.766690309999999590e+05 1.256000000000000000e+03
2.526215499999999884e+05 4.699944970000009635e+05 1.266000000000000000e+03
1.687320500000000175e+05 4.061332390000000014e+05 1.278000000000000000e+03
9.502212099999999919e+04 4.619323479999999981e+05 1.294000000000000000e+03
1.714816609900000039e+05 5.130975965699999942e+05 1.313000000000000000e+03
1.262233769999999931e+05 4.852048410000000149e+05 1.328000000000000000e+03
1.646173520000000135e+05 5.633450940000000410e+05 1.330000000000000000e+03
1.845758099999999977e+05 3.298831670000000158e+05 1.337000000000000000e+03
1.748301250000000000e+05 3.652527700000000186e+05 1.349000000000000000e+03
1.251400684000000037e+05 5.049284941300000064e+05 1.356000000000000000e+03
1.265852979999999952e+05 4.862744689999999828e+05 1.359000000000000000e+03
2.367012989999999991e+05 5.732772340000000549e+05 1.374000000000000000e+03
1.059999130000000005e+05 4.736339620000020950e+05 1.387000000000000000e+03
1.383393442900000082e+05 4.516203310700000147e+05 1.390000000000000000e+03
1.812956739999999991e+05 4.378455740000000224e+05 1.438000000000000000e+03
1.004369419999999955e+05 4.425290229999999865e+05 1.445000000000000000e+03
1.163311760000000068e+05 4.835272230000030249e+05 1.456000000000000000e+03
1.273800000000000000e+05 4.362640000000000000e+05 1.469000000000000000e+03
1.253740580000000045e+05 4.770011180000000168e+05 1.492000000000000000e+03
1.081589060000000027e+05 4.504486500000000233e+05 1.533000000000000000e+03
1.768395029999999970e+05 4.302634839999999967e+05 1.534000000000000000e+03
1.380671719999999914e+05 4.397086190000019851e+05 1.565000000000000000e+03
1.205646169999999984e+05 4.139285279999999912e+05 1.567000000000000000e+03
1.501978129999999946e+05 4.090716959999999963e+05 1.597000000000000000e+03
1.149319020000000019e+05 4.827550180000009714e+05 1.599000000000000000e+03
1.706788349999999919e+05 4.496439479999999749e+05 1.602000000000000000e+03
1.072053469999999943e+05 3.985877689999999711e+05 1.606000000000000000e+03
1.174126340000000055e+05 3.963639959999999846e+05 1.621000000000000000e+03
1.389553850000000093e+05 4.557822220000000088e+05 1.662000000000000000e+03
1.452295089999999909e+05 4.721854799999999814e+05 1.674000000000000000e+03
2.071651300000000047e+05 3.786248489999999874e+05 1.716000000000000000e+03
2.371034489999999932e+05 5.257335320000000065e+05 1.746000000000000000e+03
1.434282589999999909e+05 4.523650520000000251e+05 1.760000000000000000e+03
2.273890299999999988e+05 5.250265259999999544e+05 1.771000000000000000e+03
8.756592799999999988e+04 4.167143640000000014e+05 1.778000000000000000e+03
1.405695009999999893e+05 4.788021489999999758e+05 1.791000000000000000e+03
1.975232270000000135e+05 5.008697970000000205e+05 1.800000000000000000e+03
8.738575100000000384e+04 4.424637669999999925e+05 1.819000000000000000e+03
1.231315489999999991e+05 4.279284409999999916e+05 1.822000000000000000e+03
1.576314720000000088e+05 4.649607150000000256e+05 1.826000000000000000e+03
1.991917319999999891e+05 4.981142569999999832e+05 1.835000000000000000e+03
1.093947441399999952e+05 5.033303003100000205e+05 1.887000000000000000e+03
1.796577174600000144e+05 4.676119057700000121e+05 1.910000000000000000e+03
8.506515000000000873e+04 4.533599729999999981e+05 1.925000000000000000e+03
