1.675577540000000154e+05 4.141003890000000247e+05 5.000000000000000000e+00
7.044950299999999697e+04 4.389974689999999828e+05 1.500000000000000000e+01
2.381526739999999991e+05 4.875407069999999949e+05 5.200000000000000000e+01
1.977539188499999873e+05 4.419649632800000254e+05 8.700000000000000000e+01
9.377462200000000303e+04 4.690850669999999809e+05 1.010000000000000000e+02
1.474802520000000077e+05 3.737907980000000098e+05 1.390000000000000000e+02
1.250939049999999988e+05 4.116898560000000289e+05 1.430000000000000000e+02
7.542533500000000640e+04 4.417790920000000042e+05 1.670000000000000000e+02
2.624760000000000000e+05 5.775090000000000000e+05 2.030000000000000000e+02
1.728694809999999998e+05 3.667745189999999711e+05 2.100000000000000000e+02
1.728325260000000126e+05 5.142204120000000112e+05 2.110000000000000000e+02
9.174023476000000664e+04 4.587447166299999808e+05 2.530000000000000000e+02
1.972381780000000144e+05 4.766136579999999958e+05 2.620000000000000000e+02
1.000029039999999950e+05 4.597650960000000196e+05 2.880000000000000000e+02
1.298554089999999997e+05 4.406336230000000214e+05 3.000000000000000000e+02
2.562117919999999867e+05 5.723194379999999655e+05 3.030000000000000000e+02
8.487017600000000675e+04 4.368128369999999995e+05 3.040000000000000000e+02
5.260805200000000332e+04 3.888390999999999767e+05 3.280000000000000000e+02
1.465773421699999890e+05 4.855777403000000049e+05 3.340000000000000000e+02
1.441307280000000028e+05 4.297587340000019758e+05 3.480000000000000000e+02
1.041552810000000027e+05 4.239486940000000177e+05 4.040000000000000000e+02
1.842887380000000121e+05 4.471423169999999809e+05 4.120000000000000000e+02
1.984563789999999863e+05 4.696378369999999995e+05 4.210000000000000000e+02
1.226557449999999953e+05 4.826924760000000242e+05 4.360000000000000000e+02
2.661533389999999781e+05 5.284454690000000410e+05 4.550000000000000000e+02
1.789686400000000140e+05 5.427318719999999739e+05 4.590000000000000000e+02
8.642344599999999627e+04 4.064945540000000037e+05 5.550000000000000000e+02
1.039210000000000000e+05 4.299070000000000000e+05 5.650000000000000000e+02
1.316786169999999984e+05 4.583408630000000121e+05 5.690000000000000000e+02
1.168299339999999938e+05 4.534386190000000061e+05 5.700000000000000000e+02
8.151741638999999850e+04 4.483555341899999767e+05 5.730000000000000000e+02
9.200316499999999360e+04 4.307835339999999851e+05 5.940000000000000000e+02
1.590283310000000056e+05 4.644209890000000014e+05 6.130000000000000000e+02
1.640650150000000140e+05 5.002188969999999972e+05 6.170000000000000000e+02
1.249816469999999972e+05 4.778474660000000149e+05 6.610000000000000000e+02
7.983912700000000768e+04 4.316313520000000135e+05 6.630000000000000000e+02
1.362773293899999990e+05 4.459393320800000220e+05 6.670000000000000000e+02
1.932210000000000000e+05 4.654980000000000000e+05 6.810000000000000000e+02
1.725349659999999858e+05 3.815555599999999977e+05 7.110000000000000000e+02
2.513689707099999941e+05 6.024947699599999469e+05 7.450000000000000000e+02
8.056824400000000605e+04 3.905284050000000279e+05 7.840000000000000000e+02
1.639840609999999870e+05 3.765685839999999735e+05 8.040000000000000000e+02
1.789581168699999980e+05 5.788870893899999792e+05 8.340000000000000000e+02
1.815998850000000093e+05 5.219489729999999981e+05 8.670000000000000000e+02
1.074104799999999959e+05 4.751716149999999907e+05 9.270000000000000000e+02
1.577159690000000119e+05 3.794544189999999944e+05 9.520000000000000000e+02
8.586007700000000477e+04 4.329765979999999981e+05 9.700000000000000000e+02
1.312272284999999974e+05 5.180240304999999935e+05 9.720000000000000000e+02
1.019027799999999988e+05 4.678224199999999837e+05 9.860000000000000000e+02
9.494057102000000305e+04 4.315251833699999843e+05 9.970000000000000000e+02
2.269158509199999971e+05 5.798216452600000193e+05 1.014000000000000000e+03
2.238327330000000075e+05 4.400974089999999851e+05 1.035000000000000000e+03
1.197100120000000024e+05 4.109076219999999739e+05 1.040000000000000000e+03
1.660881529999999912e+05 4.781237579999999725e+05 1.049000000000000000e+03
1.312007328200000047e+05 4.585812464199999813e+05 1.051000000000000000e+03
2.078333189999999886e+05 5.063445999999999767e+05 1.070000000000000000e+03
2.059945646499999857e+05 4.371077235399999772e+05 1.077000000000000000e+03
9.879801200000000244e+04 4.321198699999999953e+05 1.090000000000000000e+03
1.276471839999999938e+05 4.835856680000000051e+05 1.093000000000000000e+03
1.120127580000000016e+05 4.533330410000000265e+05 1.096000000000000000e+03
1.441719189999999944e+05 3.924801959999999963e+05 1.097000000000000000e+03
8.673521000000000640e+04 4.447000320000000065e+05 1.121000000000000000e+03
2.083499839999999967e+05 5.716533310000000056e+05 1.154000000000000000e+03
1.525380890000000072e+05 4.530130800000000163e+05 1.176000000000000000e+03
8.224602999999999884e+04 4.495830300000000279e+05 1.178000000000000000e+03
1.289856062800000072e+05 5.142702404400000232e+05 1.196000000000000000e+03
9.647700000000000000e+04 4.366430000000000000e+05 1.206000000000000000e+03
1.922760830000000133e+05 4.500543219999999856e+05 1.220000000000000000e+03
1.896455150000000140e+05 5.537384520000000484e+05 1.251000000000000000e+03
1.893378179999999993e+05 3.479499550000000163e+05 1.265000000000000000e+03
1.934047729999999865e+05 4.082785509999999776e+05 1.267000000000000000e+03
1.272167970000000059e+05 4.714667839999999851e+05 1.331000000000000000e+03
1.533260860000000102e+05 4.126745399999999790e+05 1.332000000000000000e+03
1.867035920000000042e+05 3.286375260000000126e+05 1.334000000000000000e+03
2.114949525699999940e+05 5.220276553999999887e+05 1.336000000000000000e+03
1.232832949999999983e+05 4.209344450000019860e+05 1.353000000000000000e+03
1.372964590000000026e+05 3.966705279999999912e+05 1.375000000000000000e+03
1.387456900000000023e+05 4.580343979999999865e+05 1.404000000000000000e+03
2.104854139999999898e+05 5.157089280000000144e+05 1.431000000000000000e+03
1.163311760000000068e+05 4.835272230000030249e+05 1.456000000000000000e+03
1.052163549999999959e+05 4.486590690000000177e+05 1.467000000000000000e+03
1.273800000000000000e+05 4.362640000000000000e+05 1.469000000000000000e+03
1.523378660000000091e+05 4.530294459999999963e+05 1.500000000000000000e+03
1.233909440000000031e+05 4.805887939999999944e+05 1.519000000000000000e+03
1.704648940000000002e+05 4.525213979999999865e+05 1.538000000000000000e+03
1.072053469999999943e+05 3.985877689999999711e+05 1.606000000000000000e+03
1.358562650000000140e+05 4.424755329999999958e+05 1.609000000000000000e+03
1.803571020000000135e+05 4.361395709999999963e+05 1.625000000000000000e+03
1.439087460000000137e+05 4.708021639999999898e+05 1.640000000000000000e+03
1.102779729999999981e+05 3.938108709999999846e+05 1.655000000000000000e+03
1.159684933299999975e+05 3.994948685800000094e+05 1.661000000000000000e+03
1.389553850000000093e+05 4.557822220000000088e+05 1.662000000000000000e+03
1.574638300000000163e+05 3.887579409999999916e+05 1.664000000000000000e+03
1.236508959999999934e+05 5.018527420000000275e+05 1.682000000000000000e+03
8.929543312000000151e+04 4.382260248000000138e+05 1.718000000000000000e+03
2.065854750000000058e+05 3.784957949999999837e+05 1.735000000000000000e+03
9.681998399999999674e+04 4.407840729999999749e+05 1.751000000000000000e+03
9.544474800000000687e+04 4.506986089999999967e+05 1.765000000000000000e+03
1.186313260000000009e+05 4.982090270000000019e+05 1.769000000000000000e+03
2.273890299999999988e+05 5.250265259999999544e+05 1.771000000000000000e+03
1.945760789999999979e+05 5.022161400000000140e+05 1.781000000000000000e+03
1.000988789700000052e+05 4.594835823899999959e+05 1.782000000000000000e+03
3.339767700000000332e+04 3.889868890000000247e+05 1.788000000000000000e+03
8.658253599999999278e+04 4.139724799999999814e+05 1.806000000000000000e+03
8.881531299999999464e+04 3.942203169999999809e+05 1.827000000000000000e+03
1.253537970000000059e+05 4.302069490000000224e+05 1.837000000000000000e+03
1.052520000000000000e+05 4.971410000000000000e+05 1.842000000000000000e+03
1.793498319999999949e+05 3.206422220000030356e+05 1.843000000000000000e+03
2.478471080000000075e+05 4.782697750000000233e+05 1.874000000000000000e+03
1.814359979999999923e+05 4.285342750000000233e+05 1.894000000000000000e+03
1.249419900000000052e+05 4.909278059999999823e+05 1.908000000000000000e+03
8.538200599999999395e+04 4.527817179999999935e+05 1.915000000000000000e+03
1.218984520000000048e+05 4.929787739999999758e+05 1.918000000000000000e+03
1.783421529999999912e+05 3.160308209999999963e+05 1.921000000000000000e+03
1.097571940000000031e+05 5.064719280000000144e+05 1.922000000000000000e+03
8.506515000000000873e+04 4.533599729999999981e+05 1.925000000000000000e+03
1.097697529999999970e+05 5.059978389999999781e+05 1.934000000000000000e+03
