1.948060000000000000e+05 3.766830000000000000e+05 1.000000000000000000e+00
1.433839290000000037e+05 5.596916369999999879e+05 2.000000000000000000e+01
8.547515447999999742e+04 4.129488256099999999e+05 4.600000000000000000e+01
1.863723399999999965e+05 5.527002990000010468e+05 5.000000000000000000e+01
1.390895109999999986e+05 4.522453790000000154e+05 8.000000000000000000e+01
1.201466589999999997e+05 4.107456969999999856e+05 8.100000000000000000e+01
1.241102329999999929e+05 4.793859560000000056e+05 8.500000000000000000e+01
1.814474219999999914e+05 4.363579550000000163e+05 9.000000000000000000e+01
9.122048958999999741e+04 4.651788726499999757e+05 1.250000000000000000e+02
2.083846739999999991e+05 5.077029689999999828e+05 1.550000000000000000e+02
1.033800910000000003e+05 4.117558190000000177e+05 1.600000000000000000e+02
1.491410929999999935e+05 4.144353260000000009e+05 1.690000000000000000e+02
9.367839500000000407e+04 4.025933609999999753e+05 1.750000000000000000e+02
1.020779109999999928e+05 4.482236240000000107e+05 1.900000000000000000e+02
2.564875100000000093e+05 5.772364200000000419e+05 2.080000000000000000e+02
1.728325260000000126e+05 5.142204120000000112e+05 2.110000000000000000e+02
1.956066609999999928e+05 4.654594369999999763e+05 2.420000000000000000e+02
1.389753500000000058e+05 4.388059290000000037e+05 2.650000000000000000e+02
2.209188306100000045e+05 4.735257405300000100e+05 2.720000000000000000e+02
1.000029039999999950e+05 4.597650960000000196e+05 2.880000000000000000e+02
1.298554089999999997e+05 4.406336230000000214e+05 3.000000000000000000e+02
1.567568539999999921e+05 5.740000829999999842e+05 3.210000000000000000e+02
1.465773421699999890e+05 4.855777403000000049e+05 3.340000000000000000e+02
1.571114940000000061e+05 3.904080619999999763e+05 3.420000000000000000e+02
1.676152220000000088e+05 4.644639459999999963e+05 3.880000000000000000e+02
1.041552810000000027e+05 4.239486940000000177e+05 4.040000000000000000e+02
1.842887380000000121e+05 4.471423169999999809e+05 4.120000000000000000e+02
1.723355849999999919e+05 4.831173879999999772e+05 4.170000000000000000e+02
1.040148319999999949e+05 4.247679760000000242e+05 4.920000000000000000e+02
2.018217580000000016e+05 5.672178789999999572e+05 5.050000000000000000e+02
7.905253100000000268e+04 4.315745459999999730e+05 5.120000000000000000e+02
2.156131189000000013e+05 5.220642483500000089e+05 5.160000000000000000e+02
1.829903539999999921e+05 3.319959870000000228e+05 5.200000000000000000e+02
1.545722650000000140e+05 4.603780360000000219e+05 5.460000000000000000e+02
1.613884949999999953e+05 3.897582299999999814e+05 5.880000000000000000e+02
1.082273000000000029e+05 4.274289839999999967e+05 5.930000000000000000e+02
1.556030329999999958e+05 3.883416020000000135e+05 6.480000000000000000e+02
1.362773293899999990e+05 4.459393320800000220e+05 6.670000000000000000e+02
2.403891726100000087e+05 4.536275089400000288e+05 6.780000000000000000e+02
9.150057799999999406e+04 3.934000229999999865e+05 6.820000000000000000e+02
1.725349659999999858e+05 3.815555599999999977e+05 7.110000000000000000e+02
2.491580750000000116e+05 5.278460470000000205e+05 7.510000000000000000e+02
1.310697330800000054e+05 4.537584803800000227e+05 7.560000000000000000e+02
8.400490399999999499e+04 4.404835619999999763e+05 7.570000000000000000e+02
8.372628007999999681e+04 4.376576181600000127e+05 7.880000000000000000e+02
1.180871380000000063e+05 4.882318679999989690e+05 7.950000000000000000e+02
1.936720609999999870e+05 4.588971620000000112e+05 8.000000000000000000e+02
1.973059310000000114e+05 3.950184225200000219e+05 8.080000000000000000e+02
8.683451200000000244e+04 4.545546780000000144e+05 8.210000000000000000e+02
1.470030000000000000e+05 4.197210000000000000e+05 8.370000000000000000e+02
2.329778260000000009e+05 5.547200500000000466e+05 8.380000000000000000e+02
2.375062309999999998e+05 4.845408890000000247e+05 8.440000000000000000e+02
9.498339100000000326e+04 4.293575540000000037e+05 8.570000000000000000e+02
1.673717669999999925e+05 3.722599060000000172e+05 8.690000000000000000e+02
1.869720769999999902e+05 3.548775669999999809e+05 8.980000000000000000e+02
4.917675000000000000e+04 4.203356639999999898e+05 9.030000000000000000e+02
1.074104799999999959e+05 4.751716149999999907e+05 9.270000000000000000e+02
1.577159690000000119e+05 3.794544189999999944e+05 9.520000000000000000e+02
1.114893139999999985e+05 5.369195609999999870e+05 9.650000000000000000e+02
8.586007700000000477e+04 4.329765979999999981e+05 9.700000000000000000e+02
1.312272284999999974e+05 5.180240304999999935e+05 9.720000000000000000e+02
1.679670810000000056e+05 4.819838620000000228e+05 9.820000000000000000e+02
1.019027799999999988e+05 4.678224199999999837e+05 9.860000000000000000e+02
9.494057102000000305e+04 4.315251833699999843e+05 9.970000000000000000e+02
2.154092930000000051e+05 5.753499440000000177e+05 1.009000000000000000e+03
8.596615399999999499e+04 4.470944180000000051e+05 1.016000000000000000e+03
1.017288650000000052e+05 4.282161730000000098e+05 1.017000000000000000e+03
1.198103399999999965e+05 4.936823399999990361e+05 1.031000000000000000e+03
8.067222900000000664e+04 3.896531809999999823e+05 1.065000000000000000e+03
1.822552909999999974e+05 5.203419020000000019e+05 1.068000000000000000e+03
2.059945646499999857e+05 4.371077235399999772e+05 1.077000000000000000e+03
1.152802219999999943e+05 4.818535530000000144e+05 1.082000000000000000e+03
1.276471839999999938e+05 4.835856680000000051e+05 1.093000000000000000e+03
1.441719189999999944e+05 3.924801959999999963e+05 1.097000000000000000e+03
1.525380890000000072e+05 4.530130800000000163e+05 1.176000000000000000e+03
1.461094877099999867e+05 4.214174168000000063e+05 1.191000000000000000e+03
1.289856062800000072e+05 5.142702404400000232e+05 1.196000000000000000e+03
2.059848961499999859e+05 4.370986481299999868e+05 1.214000000000000000e+03
8.430341899999999441e+04 4.495135979999999981e+05 1.218000000000000000e+03
1.491569869999999937e+05 4.079992129999999888e+05 1.261000000000000000e+03
1.646364059999999881e+05 4.048499099999999744e+05 1.283000000000000000e+03
9.502212099999999919e+04 4.619323479999999981e+05 1.294000000000000000e+03
2.098230020000000077e+05 5.198850509999999776e+05 1.338000000000000000e+03
1.251400684000000037e+05 5.049284941300000064e+05 1.356000000000000000e+03
1.977457429999999877e+05 4.995985750000000116e+05 1.371000000000000000e+03
2.367012989999999991e+05 5.732772340000000549e+05 1.374000000000000000e+03
1.387456900000000023e+05 4.580343979999999865e+05 1.404000000000000000e+03
1.052163549999999959e+05 4.486590690000000177e+05 1.467000000000000000e+03
1.857414210000000021e+05 3.430992010000000009e+05 1.485000000000000000e+03
1.523378660000000091e+05 4.530294459999999963e+05 1.500000000000000000e+03
1.233909440000000031e+05 4.805887939999999944e+05 1.519000000000000000e+03
1.412450989999999874e+05 4.560430009999999893e+05 1.525000000000000000e+03
1.784189980600000126e+05 4.296389940000000061e+05 1.527000000000000000e+03
1.797106359700000030e+05 4.675390251699999790e+05 1.532000000000000000e+03
1.081589060000000027e+05 4.504486500000000233e+05 1.533000000000000000e+03
1.991286436899999972e+05 3.588705257899999851e+05 1.536000000000000000e+03
1.380671719999999914e+05 4.397086190000019851e+05 1.565000000000000000e+03
2.364728750000000000e+05 5.817501489999999758e+05 1.570000000000000000e+03
1.706788349999999919e+05 4.496439479999999749e+05 1.602000000000000000e+03
1.830054280000000144e+05 5.710240860000000102e+05 1.603000000000000000e+03
1.072053469999999943e+05 3.985877689999999711e+05 1.606000000000000000e+03
1.167940449999999983e+05 4.533519060000000172e+05 1.619000000000000000e+03
7.914883599999999569e+04 3.780786599999999744e+05 1.641000000000000000e+03
1.961805160800000012e+05 4.433850062299999991e+05 1.686000000000000000e+03
1.994707209999999905e+05 5.730847560000000522e+05 1.687000000000000000e+03
1.089733990000000049e+05 4.012763819999999832e+05 1.743000000000000000e+03
9.681998399999999674e+04 4.407840729999999749e+05 1.751000000000000000e+03
1.114031030000000028e+05 4.863744319999999716e+05 1.755000000000000000e+03
8.885717600000000675e+04 4.379286730000000098e+05 1.762000000000000000e+03
1.885336440000000002e+05 4.486549099999999744e+05 1.792000000000000000e+03
1.686473239999999932e+05 4.169659899999999907e+05 1.797000000000000000e+03
1.333975989999999874e+05 4.537965910000000149e+05 1.860000000000000000e+03
1.281387609999999986e+05 4.285548250000000116e+05 1.866000000000000000e+03
1.487235739999999932e+05 4.703741130000000121e+05 1.869000000000000000e+03
1.249419900000000052e+05 4.909278059999999823e+05 1.908000000000000000e+03
1.287953659999999945e+05 4.614524230000000098e+05 1.909000000000000000e+03
1.218984520000000048e+05 4.929787739999999758e+05 1.918000000000000000e+03
1.783421529999999912e+05 3.160308209999999963e+05 1.921000000000000000e+03
8.506515000000000873e+04 4.533599729999999981e+05 1.925000000000000000e+03
1.097697529999999970e+05 5.059978389999999781e+05 1.934000000000000000e+03
