1.948060000000000000e+05 3.766830000000000000e+05 1.000000000000000000e+00
1.817959560000000056e+05 4.278496450000000186e+05 3.300000000000000000e+01
8.384886000000000058e+04 4.408880520000000251e+05 3.500000000000000000e+01
8.547515447999999742e+04 4.129488256099999999e+05 4.600000000000000000e+01
2.368872880000000005e+05 5.712082900000000373e+05 5.600000000000000000e+01
1.830654510000000009e+05 3.299528310000000056e+05 7.800000000000000000e+01
1.390895109999999986e+05 4.522453790000000154e+05 8.000000000000000000e+01
1.241102329999999929e+05 4.793859560000000056e+05 8.500000000000000000e+01
2.048111790000000037e+05 3.669925540000000037e+05 1.420000000000000000e+02
1.335469049999999988e+05 4.544066940000000177e+05 1.540000000000000000e+02
2.271983219999999856e+05 5.249920860000000102e+05 1.570000000000000000e+02
7.542533500000000640e+04 4.417790920000000042e+05 1.670000000000000000e+02
1.728325260000000126e+05 5.142204120000000112e+05 2.110000000000000000e+02
2.094465950000000012e+05 4.391079239999999991e+05 2.140000000000000000e+02
1.039302773500000039e+05 4.206838025800000178e+05 2.300000000000000000e+02
1.441737960000000021e+05 3.924929799999999814e+05 2.380000000000000000e+02
9.174023476000000664e+04 4.587447166299999808e+05 2.530000000000000000e+02
2.551245640000000130e+05 5.769377510000000475e+05 2.680000000000000000e+02
2.209188306100000045e+05 4.735257405300000100e+05 2.720000000000000000e+02
1.040195489999999991e+05 4.301473400000000256e+05 2.800000000000000000e+02
1.503817019999999902e+05 4.025005700000000070e+05 3.130000000000000000e+02
1.571114940000000061e+05 3.904080619999999763e+05 3.420000000000000000e+02
1.579770419999999867e+05 4.515290619999999763e+05 3.520000000000000000e+02
2.445611790000000037e+05 5.270310150000000140e+05 3.810000000000000000e+02
7.418571400000000722e+04 4.356042289999999921e+05 3.850000000000000000e+02
1.676152220000000088e+05 4.644639459999999963e+05 3.880000000000000000e+02
5.765418499999999767e+04 3.872581450000000186e+05 3.950000000000000000e+02
1.094835219999999972e+05 4.569848780000000261e+05 4.020000000000000000e+02
1.824683379999999888e+05 4.861507130000020261e+05 4.130000000000000000e+02
1.572163559999999998e+05 4.938274020000030287e+05 4.390000000000000000e+02
1.313660029999999970e+05 5.484382689999999711e+05 4.610000000000000000e+02
9.982611500000000524e+04 4.421554270000000251e+05 5.240000000000000000e+02
8.382921799999999348e+04 4.408805669999999809e+05 5.320000000000000000e+02
9.622161400000000140e+04 4.308965700000000070e+05 5.410000000000000000e+02
1.316786169999999984e+05 4.583408630000000121e+05 5.690000000000000000e+02
1.168299339999999938e+05 4.534386190000000061e+05 5.700000000000000000e+02
1.082273000000000029e+05 4.274289839999999967e+05 5.930000000000000000e+02
1.092515409999999974e+05 4.871123709999999846e+05 6.280000000000000000e+02
9.852930000000000291e+04 4.645638169999999809e+05 6.390000000000000000e+02
2.385869530000000086e+05 4.858954330000000191e+05 6.530000000000000000e+02
1.308573228499999968e+05 5.224822547899999772e+05 6.570000000000000000e+02
1.629358450000000012e+05 3.795985320000000065e+05 6.920000000000000000e+02
8.557804300000000512e+04 4.379990659999999916e+05 7.020000000000000000e+02
1.066389130000000005e+05 4.071636219999999739e+05 7.150000000000000000e+02
1.062762029999999941e+05 4.079739920000000275e+05 7.160000000000000000e+02
1.630193569999999891e+05 4.038295410000000265e+05 8.020000000000000000e+02
2.039250370000000112e+05 5.043855509999999776e+05 8.250000000000000000e+02
2.329778260000000009e+05 5.547200500000000466e+05 8.380000000000000000e+02
2.211246939999999886e+05 5.219638009999999776e+05 8.480000000000000000e+02
1.673717669999999925e+05 3.722599060000000172e+05 8.690000000000000000e+02
1.309841680000000051e+05 5.206141979999999749e+05 8.720000000000000000e+02
1.828881350000000093e+05 4.237672989999999991e+05 8.810000000000000000e+02
4.498711600000000180e+04 3.896260980000010459e+05 8.920000000000000000e+02
2.228912600000000093e+05 4.736293499999999767e+05 8.940000000000000000e+02
1.577159690000000119e+05 3.794544189999999944e+05 9.520000000000000000e+02
2.016673660000000091e+05 5.723425330000000540e+05 9.540000000000000000e+02
8.586007700000000477e+04 4.329765979999999981e+05 9.700000000000000000e+02
1.554154139999999898e+05 5.691074279999999562e+05 9.760000000000000000e+02
1.198103399999999965e+05 4.936823399999990361e+05 1.031000000000000000e+03
1.197100120000000024e+05 4.109076219999999739e+05 1.040000000000000000e+03
1.483180982099999965e+05 4.873394698000000208e+05 1.043000000000000000e+03
1.660881529999999912e+05 4.781237579999999725e+05 1.049000000000000000e+03
9.406250900000000547e+04 4.311806130000000121e+05 1.053000000000000000e+03
8.563032200000000012e+04 4.320913090000000084e+05 1.087000000000000000e+03
1.276471839999999938e+05 4.835856680000000051e+05 1.093000000000000000e+03
1.441719189999999944e+05 3.924801959999999963e+05 1.097000000000000000e+03
1.272708950000000041e+05 4.119343159999999916e+05 1.115000000000000000e+03
2.004026602399999974e+05 3.890059004200000199e+05 1.173000000000000000e+03
1.525380890000000072e+05 4.530130800000000163e+05 1.176000000000000000e+03
1.977069727800000110e+05 4.664505296400000225e+05 1.190000000000000000e+03
1.922760830000000133e+05 4.500543219999999856e+05 1.220000000000000000e+03
2.002602760000000126e+05 5.652694610000000102e+05 1.222000000000000000e+03
8.323700000000000000e+04 4.505980000000000000e+05 1.233000000000000000e+03
1.893378179999999993e+05 3.479499550000000163e+05 1.265000000000000000e+03
1.810756259999999893e+05 4.415605929999999935e+05 1.293000000000000000e+03
1.456504580000000133e+05 4.271795959999990300e+05 1.299000000000000000e+03
9.083725299999999697e+04 3.972950389999999898e+05 1.307000000000000000e+03
1.242667960000000021e+05 5.033239720000000088e+05 1.324000000000000000e+03
1.255402069999999949e+05 4.839595470000000205e+05 1.326000000000000000e+03
1.533260860000000102e+05 4.126745399999999790e+05 1.332000000000000000e+03
1.516168189999999886e+05 4.141724450000000070e+05 1.333000000000000000e+03
2.114949525699999940e+05 5.220276553999999887e+05 1.336000000000000000e+03
1.748301250000000000e+05 3.652527700000000186e+05 1.349000000000000000e+03
1.147301530000000057e+05 4.262734079999999958e+05 1.354000000000000000e+03
9.234918822999999975e+04 4.594254572700000135e+05 1.364000000000000000e+03
1.836710799999999872e+05 5.520258469999999506e+05 1.370000000000000000e+03
1.059999130000000005e+05 4.736339620000020950e+05 1.387000000000000000e+03
9.366775500000000466e+04 4.026009529999999795e+05 1.416000000000000000e+03
1.790625620000000054e+05 3.656572669999999925e+05 1.425000000000000000e+03
1.004369419999999955e+05 4.425290229999999865e+05 1.445000000000000000e+03
2.507972859999999928e+05 4.663049959999999846e+05 1.457000000000000000e+03
1.052163549999999959e+05 4.486590690000000177e+05 1.467000000000000000e+03
1.273800000000000000e+05 4.362640000000000000e+05 1.469000000000000000e+03
1.412043260000000009e+05 4.766967100000000210e+05 1.478000000000000000e+03
2.395369724400000123e+05 4.787752199099999852e+05 1.479000000000000000e+03
1.669486749899999995e+05 4.160061934299999848e+05 1.496000000000000000e+03
1.084765489999999991e+05 5.018020750000000116e+05 1.501000000000000000e+03
1.784189980600000126e+05 4.296389940000000061e+05 1.527000000000000000e+03
8.518186100000000442e+04 4.532859830000000075e+05 1.528000000000000000e+03
1.361617580000000016e+05 4.455071639999999898e+05 1.543000000000000000e+03
1.103235669999999955e+05 3.907813869999999879e+05 1.569000000000000000e+03
1.750957574399999867e+05 5.798735511499999557e+05 1.596000000000000000e+03
1.167940449999999983e+05 4.533519060000000172e+05 1.619000000000000000e+03
1.803571020000000135e+05 4.361395709999999963e+05 1.625000000000000000e+03
1.135420910000000003e+05 4.820775159999990137e+05 1.632000000000000000e+03
2.485945659999999916e+05 4.737314490000000224e+05 1.642000000000000000e+03
2.369920020000000077e+05 5.824053989999999758e+05 1.654000000000000000e+03
2.273580089999999909e+05 4.405286670000000158e+05 1.656000000000000000e+03
1.452295089999999909e+05 4.721854799999999814e+05 1.674000000000000000e+03
2.063505290000000095e+05 3.776417640000000247e+05 1.693000000000000000e+03
1.372830000000000000e+05 4.799945109999999986e+05 1.720000000000000000e+03
1.597241339999999909e+05 4.350426500000000233e+05 1.758000000000000000e+03
8.885717600000000675e+04 4.379286730000000098e+05 1.762000000000000000e+03
2.047980320000000065e+05 3.670072839999999851e+05 1.764000000000000000e+03
1.991917319999999891e+05 4.981142569999999832e+05 1.835000000000000000e+03
1.253537970000000059e+05 4.302069490000000224e+05 1.837000000000000000e+03
1.574998209999999963e+05 4.646412849999999744e+05 1.884000000000000000e+03
1.572437872400000051e+05 4.659139660700000240e+05 1.905000000000000000e+03
1.287953659999999945e+05 4.614524230000000098e+05 1.909000000000000000e+03
1.097697529999999970e+05 5.059978389999999781e+05 1.934000000000000000e+03
