1.675577540000000154e+05 4.141003890000000247e+05 5.000000000000000000e+00
1.379435270000000019e+05 4.818928360000000102e+05 6.200000000000000000e+01
2.260489355400000059e+05 4.743508699699999997e+05 7.200000000000000000e+01
1.241102329999999929e+05 4.793859560000000056e+05 8.500000000000000000e+01
8.532409900000000198e+04 4.043314110000000219e+05 1.000000000000000000e+02
1.725345080000000016e+05 3.815383890000000247e+05 1.140000000000000000e+02
1.972833559400000086e+05 4.825451003200000268e+05 1.200000000000000000e+02
9.633626300000000629e+04 4.395518470000000088e+05 1.230000000000000000e+02
1.250939049999999988e+05 4.116898560000000289e+05 1.430000000000000000e+02
1.106988690000000061e+05 4.849834430000000284e+05 1.510000000000000000e+02
1.284284470000000001e+05 3.944577210000000196e+05 2.000000000000000000e+02
2.624760000000000000e+05 5.775090000000000000e+05 2.030000000000000000e+02
1.692952309999999998e+05 4.173752420000000275e+05 2.170000000000000000e+02
1.640389610000000102e+05 5.002368049999999930e+05 2.430000000000000000e+02
1.598608660000000091e+05 3.896418850000000093e+05 2.550000000000000000e+02
1.000029039999999950e+05 4.597650960000000196e+05 2.880000000000000000e+02
2.155096739999999991e+05 4.730514880000000121e+05 2.930000000000000000e+02
8.487017600000000675e+04 4.368128369999999995e+05 3.040000000000000000e+02
3.091736858999999822e+04 3.869686713699999964e+05 3.050000000000000000e+02
2.339597159000000102e+05 5.803710230000000447e+05 3.200000000000000000e+02
2.369236130000000121e+05 5.706740609999999870e+05 3.220000000000000000e+02
9.371335899999999674e+04 4.310445750000000116e+05 3.240000000000000000e+02
1.767513209999999963e+05 3.814982829999999958e+05 3.300000000000000000e+02
1.579770419999999867e+05 4.515290619999999763e+05 3.520000000000000000e+02
7.418571400000000722e+04 4.356042289999999921e+05 3.850000000000000000e+02
1.676152220000000088e+05 4.644639459999999963e+05 3.880000000000000000e+02
2.596372799999999988e+05 4.789796489999999758e+05 3.980000000000000000e+02
1.812480000000000000e+05 3.302120000000000000e+05 4.330000000000000000e+02
1.305473790000000008e+05 5.260641210000000428e+05 4.370000000000000000e+02
1.307012899999999936e+05 4.826118140000000130e+05 4.600000000000000000e+02
1.313660029999999970e+05 5.484382689999999711e+05 4.610000000000000000e+02
2.325802140000000072e+05 5.520259780000000028e+05 5.110000000000000000e+02
1.178904750000000058e+05 4.852933609999999753e+05 5.250000000000000000e+02
1.545722650000000140e+05 4.603780360000000219e+05 5.460000000000000000e+02
8.642344599999999627e+04 4.064945540000000037e+05 5.550000000000000000e+02
1.160398249999999971e+05 4.097176649999999790e+05 5.560000000000000000e+02
8.151741638999999850e+04 4.483555341899999767e+05 5.730000000000000000e+02
1.858710109999999986e+05 4.673735009999999893e+05 6.070000000000000000e+02
1.408475730000000040e+05 4.655777770000000019e+05 6.190000000000000000e+02
1.040492090000000026e+05 4.206151919999999809e+05 6.320000000000000000e+02
2.083015199999999895e+05 4.351716219999999739e+05 6.660000000000000000e+02
8.288412500000000000e+04 4.502588649999999907e+05 6.790000000000000000e+02
2.087649010000000126e+05 3.787979890000000014e+05 7.100000000000000000e+02
1.310697330800000054e+05 4.537584803800000227e+05 7.560000000000000000e+02
8.400490399999999499e+04 4.404835619999999763e+05 7.570000000000000000e+02
1.318103280000000086e+05 3.944846149999999907e+05 7.810000000000000000e+02
1.918977319999999891e+05 3.210808109999999870e+05 7.820000000000000000e+02
1.655298880000000063e+05 4.505035929999999935e+05 8.400000000000000000e+02
2.211246939999999886e+05 5.219638009999999776e+05 8.480000000000000000e+02
1.610840260000000126e+05 4.727357849999999744e+05 8.750000000000000000e+02
1.766030729500000016e+05 4.289322802099999972e+05 8.770000000000000000e+02
1.185988479999999981e+05 4.906747980000021053e+05 8.900000000000000000e+02
1.084782839999999997e+05 4.506670800000000163e+05 8.910000000000000000e+02
1.911640439999999944e+05 5.546920749999999534e+05 9.180000000000000000e+02
1.074104799999999959e+05 4.751716149999999907e+05 9.270000000000000000e+02
9.630500000000000000e+04 4.366270000000000000e+05 9.480000000000000000e+02
1.577159690000000119e+05 3.794544189999999944e+05 9.520000000000000000e+02
8.843604399999999441e+04 4.319940889999999781e+05 9.570000000000000000e+02
1.679670810000000056e+05 4.819838620000000228e+05 9.820000000000000000e+02
1.856735409999999974e+05 3.386387800000000279e+05 9.840000000000000000e+02
2.050119290000000037e+05 5.689062169999999460e+05 9.880000000000000000e+02
1.343440830000000133e+05 4.442075749999990221e+05 1.019000000000000000e+03
1.198103399999999965e+05 4.936823399999990361e+05 1.031000000000000000e+03
1.483180982099999965e+05 4.873394698000000208e+05 1.043000000000000000e+03
2.367002555799999973e+05 5.731573810300000478e+05 1.044000000000000000e+03
1.207360380000000005e+05 4.836402739999999758e+05 1.058000000000000000e+03
1.449249459999999963e+05 4.299943710000009742e+05 1.080000000000000000e+03
1.152802219999999943e+05 4.818535530000000144e+05 1.082000000000000000e+03
1.079924119999999966e+05 4.282660300000000279e+05 1.091000000000000000e+03
1.276471839999999938e+05 4.835856680000000051e+05 1.093000000000000000e+03
1.889737190000000119e+05 3.476383769999999786e+05 1.150000000000000000e+03
9.736323475000000326e+04 4.707390956499999738e+05 1.183000000000000000e+03
1.977069727800000110e+05 4.664505296400000225e+05 1.190000000000000000e+03
8.464120500000000175e+04 4.489972530000000261e+05 1.195000000000000000e+03
8.029997299999999814e+04 3.862232390000000014e+05 1.217000000000000000e+03
1.074136799999999930e+05 5.295688619999999646e+05 1.235000000000000000e+03
1.491569869999999937e+05 4.079992129999999888e+05 1.261000000000000000e+03
9.124424300000000221e+04 4.241596510000000126e+05 1.295000000000000000e+03
1.714816609900000039e+05 5.130975965699999942e+05 1.313000000000000000e+03
1.791649320000000007e+05 5.363287630000000354e+05 1.323000000000000000e+03
1.272167970000000059e+05 4.714667839999999851e+05 1.331000000000000000e+03
1.533260860000000102e+05 4.126745399999999790e+05 1.332000000000000000e+03
9.234918822999999975e+04 4.594254572700000135e+05 1.364000000000000000e+03
9.591001499999999942e+04 4.625308380000020261e+05 1.368000000000000000e+03
1.386033189999999886e+05 4.533411890000000130e+05 1.378000000000000000e+03
1.387456900000000023e+05 4.580343979999999865e+05 1.404000000000000000e+03
2.104854139999999898e+05 5.157089280000000144e+05 1.431000000000000000e+03
1.812956739999999991e+05 4.378455740000000224e+05 1.438000000000000000e+03
1.101696389999999956e+05 4.273981670000000158e+05 1.440000000000000000e+03
9.946600000000000000e+04 4.333470000000000000e+05 1.443000000000000000e+03
1.847071009999999951e+05 5.757233419999999460e+05 1.470000000000000000e+03
1.051395549999999930e+05 4.986397860000000219e+05 1.505000000000000000e+03
1.066857140000000072e+05 4.493390659999999916e+05 1.509000000000000000e+03
1.028530000000000000e+05 4.302600000000000000e+05 1.517000000000000000e+03
1.380671719999999914e+05 4.397086190000019851e+05 1.565000000000000000e+03
1.887545705399999861e+05 4.131073400799999945e+05 1.572000000000000000e+03
1.097832489999999962e+05 3.969408080000000191e+05 1.611000000000000000e+03
1.563058630000000121e+05 4.614516560000000172e+05 1.624000000000000000e+03
4.906974700000000303e+04 3.894313279999999795e+05 1.637000000000000000e+03
1.594049349999999977e+05 5.772103419999999460e+05 1.639000000000000000e+03
2.485945659999999916e+05 4.737314490000000224e+05 1.642000000000000000e+03
1.102779729999999981e+05 3.938108709999999846e+05 1.655000000000000000e+03
2.273580089999999909e+05 4.405286670000000158e+05 1.656000000000000000e+03
1.173697799999999988e+05 3.963283410000000149e+05 1.678000000000000000e+03
1.905136510000000126e+05 4.479419400000000023e+05 1.684000000000000000e+03
1.546727609999999986e+05 4.336662779999999912e+05 1.702000000000000000e+03
1.216325029999999970e+05 5.008222010000000009e+05 1.750000000000000000e+03
9.681998399999999674e+04 4.407840729999999749e+05 1.751000000000000000e+03
1.079580120000000024e+05 5.003560829999999842e+05 1.767000000000000000e+03
1.412270780000000086e+05 4.527118099999999977e+05 1.774000000000000000e+03
1.885336440000000002e+05 4.486549099999999744e+05 1.792000000000000000e+03
9.260268399999999383e+04 4.396326180000000168e+05 1.795000000000000000e+03
1.975232270000000135e+05 5.008697970000000205e+05 1.800000000000000000e+03
1.243388070000000007e+05 4.266093319999999949e+05 1.801000000000000000e+03
1.341094169999999867e+05 4.527577609999999986e+05 1.831000000000000000e+03
1.793498319999999949e+05 3.206422220000030356e+05 1.843000000000000000e+03
1.333975989999999874e+05 4.537965910000000149e+05 1.860000000000000000e+03
8.472541700000000128e+04 3.914364729999999981e+05 1.875000000000000000e+03
1.250870029999999970e+05 4.293560719999999856e+05 1.876000000000000000e+03
8.506515000000000873e+04 4.533599729999999981e+05 1.925000000000000000e+03
