1.012001910000000062e+05 4.300490000000000000e+05 6.000000000000000000e+00
9.720550599999999395e+04 4.347619010000021080e+05 6.400000000000000000e+01
1.608516235400000005e+05 4.974975097800000221e+05 6.800000000000000000e+01
1.191170000000000000e+05 4.914840000000000000e+05 9.100000000000000000e+01
9.654305400000000373e+04 4.386880860000000102e+05 1.220000000000000000e+02
1.897179139999999898e+05 3.482371780000000144e+05 1.350000000000000000e+02
2.669995250000000233e+05 5.752914799999999814e+05 1.400000000000000000e+02
1.555298940000000002e+05 3.925743840000000200e+05 1.450000000000000000e+02
1.491410929999999935e+05 4.144353260000000009e+05 1.690000000000000000e+02
2.624760000000000000e+05 5.775090000000000000e+05 2.030000000000000000e+02
1.276175960000000050e+05 4.666503560000000289e+05 2.070000000000000000e+02
1.728694809999999998e+05 3.667745189999999711e+05 2.100000000000000000e+02
2.094465950000000012e+05 4.391079239999999991e+05 2.140000000000000000e+02
6.795891048999999475e+04 3.818993833800000139e+05 2.180000000000000000e+02
1.039302773500000039e+05 4.206838025800000178e+05 2.300000000000000000e+02
1.442418600000000151e+05 4.117381049999999814e+05 2.320000000000000000e+02
1.948602399999999907e+05 3.210568339999999735e+05 2.350000000000000000e+02
1.956066609999999928e+05 4.654594369999999763e+05 2.420000000000000000e+02
1.844171529999999912e+05 4.872639820000000182e+05 2.440000000000000000e+02
1.972381780000000144e+05 4.766136579999999958e+05 2.620000000000000000e+02
2.087113690000000061e+05 3.732552420000000275e+05 2.890000000000000000e+02
8.475845900000000256e+04 4.518968300000000163e+05 2.950000000000000000e+02
1.286967859999999928e+05 3.944499849999999860e+05 3.110000000000000000e+02
2.100009301400000113e+05 4.721639568899999722e+05 3.290000000000000000e+02
1.441307280000000028e+05 4.297587340000019758e+05 3.480000000000000000e+02
1.655674940000000061e+05 5.100962760000019916e+05 3.710000000000000000e+02
1.676152220000000088e+05 4.644639459999999963e+05 3.880000000000000000e+02
1.172560170000000071e+05 4.262695800000000163e+05 4.000000000000000000e+02
1.094835219999999972e+05 4.569848780000000261e+05 4.020000000000000000e+02
2.419650810000000056e+05 5.561570979999999981e+05 4.410000000000000000e+02
1.311270020000000077e+05 5.294634039999999804e+05 4.620000000000000000e+02
2.018217580000000016e+05 5.672178789999999572e+05 5.050000000000000000e+02
1.887668276499999920e+05 4.131106135900000227e+05 5.090000000000000000e+02
1.325288500000000058e+05 4.575423680000000168e+05 5.130000000000000000e+02
2.115044887999999919e+05 5.220136056300000055e+05 5.220000000000000000e+02
3.824915400000000227e+04 3.918046919999999809e+05 5.590000000000000000e+02
2.027534629999999888e+05 5.038793539999999921e+05 5.610000000000000000e+02
8.151741638999999850e+04 4.483555341899999767e+05 5.730000000000000000e+02
1.434980860000000102e+05 3.704475659999999916e+05 5.870000000000000000e+02
1.572125689999999886e+05 5.748877959999999730e+05 5.910000000000000000e+02
1.793489490100000112e+05 5.220654787600010168e+05 6.080000000000000000e+02
1.834784629999999888e+05 4.483362860000000219e+05 6.180000000000000000e+02
1.842074280000000144e+05 4.225367409999999800e+05 6.260000000000000000e+02
2.452680350000000035e+05 5.773919179999999469e+05 6.440000000000000000e+02
9.253784399999999732e+04 4.308240239999999758e+05 7.120000000000000000e+02
1.593887119999999995e+05 5.772143819999999832e+05 7.550000000000000000e+02
8.372628007999999681e+04 4.376576181600000127e+05 7.880000000000000000e+02
1.859454590000000026e+05 3.789921759999999776e+05 7.910000000000000000e+02
1.639840609999999870e+05 3.765685839999999735e+05 8.040000000000000000e+02
1.183819079999999958e+05 4.029616809999999823e+05 8.170000000000000000e+02
1.653661149999999907e+05 4.640020960000000196e+05 8.230000000000000000e+02
1.767369800000000105e+05 4.364885860000000102e+05 8.290000000000000000e+02
1.655298880000000063e+05 4.505035929999999935e+05 8.400000000000000000e+02
9.498339100000000326e+04 4.293575540000000037e+05 8.570000000000000000e+02
1.074378810099999973e+05 4.886518664400000125e+05 8.820000000000000000e+02
1.185988479999999981e+05 4.906747980000021053e+05 8.900000000000000000e+02
1.074104799999999959e+05 4.751716149999999907e+05 9.270000000000000000e+02
9.630500000000000000e+04 4.366270000000000000e+05 9.480000000000000000e+02
1.577159690000000119e+05 3.794544189999999944e+05 9.520000000000000000e+02
8.586007700000000477e+04 4.329765979999999981e+05 9.700000000000000000e+02
1.019027799999999988e+05 4.678224199999999837e+05 9.860000000000000000e+02
1.086162130000000034e+05 4.766032569999989937e+05 1.008000000000000000e+03
1.015020000000000000e+05 4.300680000000000000e+05 1.013000000000000000e+03
2.269158509199999971e+05 5.798216452600000193e+05 1.014000000000000000e+03
1.343440830000000133e+05 4.442075749999990221e+05 1.019000000000000000e+03
1.197100120000000024e+05 4.109076219999999739e+05 1.040000000000000000e+03
1.483180982099999965e+05 4.873394698000000208e+05 1.043000000000000000e+03
1.660881529999999912e+05 4.781237579999999725e+05 1.049000000000000000e+03
2.343830819999999949e+05 4.779552430000000168e+05 1.055000000000000000e+03
1.692856199999999953e+05 4.370019330000000191e+05 1.060000000000000000e+03
1.152802219999999943e+05 4.818535530000000144e+05 1.082000000000000000e+03
8.028590000000000873e+04 3.913249628299999749e+05 1.088000000000000000e+03
1.879596250000000000e+05 3.281072160000019940e+05 1.094000000000000000e+03
8.324979799999999523e+04 4.322442170000000042e+05 1.108000000000000000e+03
1.311444830000000075e+05 5.294649279999999562e+05 1.126000000000000000e+03
1.237099574500000017e+05 5.018351215199999860e+05 1.170000000000000000e+03
8.224602999999999884e+04 4.495830300000000279e+05 1.178000000000000000e+03
1.646443740000000107e+05 3.795472440000000061e+05 1.208000000000000000e+03
1.215223627299999935e+05 4.829690607000010205e+05 1.213000000000000000e+03
8.029997299999999814e+04 3.862232390000000014e+05 1.217000000000000000e+03
7.924959600000000501e+04 4.006389930000000168e+05 1.231000000000000000e+03
1.646364059999999881e+05 4.048499099999999744e+05 1.283000000000000000e+03
9.502212099999999919e+04 4.619323479999999981e+05 1.294000000000000000e+03
1.456504580000000133e+05 4.271795959999990300e+05 1.299000000000000000e+03
1.265852979999999952e+05 4.862744689999999828e+05 1.359000000000000000e+03
2.056489770000000135e+05 3.816183630000000121e+05 1.400000000000000000e+03
1.268750000000000000e+05 4.877100000000000000e+05 1.405000000000000000e+03
1.052163549999999959e+05 4.486590690000000177e+05 1.467000000000000000e+03
1.253740580000000045e+05 4.770011180000000168e+05 1.492000000000000000e+03
1.906480569900000119e+05 5.542705182199999690e+05 1.514000000000000000e+03
1.081589060000000027e+05 4.504486500000000233e+05 1.533000000000000000e+03
1.768395029999999970e+05 4.302634839999999967e+05 1.534000000000000000e+03
1.873847060000000056e+05 3.461249569999999949e+05 1.535000000000000000e+03
1.380671719999999914e+05 4.397086190000019851e+05 1.565000000000000000e+03
1.103235669999999955e+05 3.907813869999999879e+05 1.569000000000000000e+03
2.122180000000000000e+05 4.958450000000000000e+05 1.574000000000000000e+03
1.072053469999999943e+05 3.985877689999999711e+05 1.606000000000000000e+03
1.358562650000000140e+05 4.424755329999999958e+05 1.609000000000000000e+03
1.389553850000000093e+05 4.557822220000000088e+05 1.662000000000000000e+03
1.574638300000000163e+05 3.887579409999999916e+05 1.664000000000000000e+03
1.559996359999999986e+05 4.609908319999999949e+05 1.666000000000000000e+03
1.452295089999999909e+05 4.721854799999999814e+05 1.674000000000000000e+03
2.251910039500000130e+05 5.246527841600000393e+05 1.694000000000000000e+03
1.109497100000000064e+05 4.857653530000000028e+05 1.697000000000000000e+03
1.454185640000000130e+05 4.522284070000000065e+05 1.701000000000000000e+03
1.810869910000000091e+05 4.415557880000000005e+05 1.713000000000000000e+03
1.372830000000000000e+05 4.799945109999999986e+05 1.720000000000000000e+03
1.089733990000000049e+05 4.012763819999999832e+05 1.743000000000000000e+03
9.681998399999999674e+04 4.407840729999999749e+05 1.751000000000000000e+03
9.020048799999999756e+04 4.387787679999999818e+05 1.754000000000000000e+03
9.544474800000000687e+04 4.506986089999999967e+05 1.765000000000000000e+03
1.079580120000000024e+05 5.003560829999999842e+05 1.767000000000000000e+03
8.756592799999999988e+04 4.167143640000000014e+05 1.778000000000000000e+03
1.231315489999999991e+05 4.279284409999999916e+05 1.822000000000000000e+03
1.341094169999999867e+05 4.527577609999999986e+05 1.831000000000000000e+03
1.577497159999999858e+05 4.653221859999999870e+05 1.839000000000000000e+03
1.819642639999999956e+05 3.208563059999999823e+05 1.873000000000000000e+03
1.304745899999999965e+05 4.280973339999999735e+05 1.883000000000000000e+03
1.956160000000000000e+05 4.437410000000000000e+05 1.911000000000000000e+03
8.709862900000000081e+04 4.523164920000000275e+05 1.935000000000000000e+03
