3.139677200000000084e+04 3.964738859999999986e+05 0.000000000000000000e+00
8.452495900000000256e+04 4.579585979999999981e+05 1.100000000000000000e+01
7.044950299999999697e+04 4.389974689999999828e+05 1.500000000000000000e+01
1.110474820000000036e+05 4.793712609999999986e+05 2.900000000000000000e+01
2.318592559999999939e+05 5.794200810000000056e+05 3.800000000000000000e+01
2.006181529999999912e+05 4.681933099999999977e+05 4.300000000000000000e+01
1.510316139499999990e+05 4.308279177800000180e+05 4.400000000000000000e+01
2.260489355400000059e+05 4.743508699699999997e+05 7.200000000000000000e+01
1.028327859999999928e+05 4.597520869999999995e+05 1.190000000000000000e+02
1.191520099999999948e+05 4.792537580000010203e+05 1.260000000000000000e+02
1.275198559999999998e+05 4.707105109999999986e+05 1.280000000000000000e+02
1.151264499999999971e+05 4.260978290000000270e+05 1.340000000000000000e+02
1.897179139999999898e+05 3.482371780000000144e+05 1.350000000000000000e+02
1.474802520000000077e+05 3.737907980000000098e+05 1.390000000000000000e+02
2.048111790000000037e+05 3.669925540000000037e+05 1.420000000000000000e+02
1.555298940000000002e+05 3.925743840000000200e+05 1.450000000000000000e+02
1.492710190000000002e+05 4.166689720000000088e+05 1.700000000000000000e+02
1.359276879999999946e+05 3.948187440000000061e+05 1.770000000000000000e+02
2.564875100000000093e+05 5.772364200000000419e+05 2.080000000000000000e+02
1.728325260000000126e+05 5.142204120000000112e+05 2.110000000000000000e+02
6.795891048999999475e+04 3.818993833800000139e+05 2.180000000000000000e+02
9.477036165999999503e+04 4.277837159600000014e+05 2.190000000000000000e+02
1.640389610000000102e+05 5.002368049999999930e+05 2.430000000000000000e+02
8.519501799999999639e+04 4.379783670000000275e+05 2.470000000000000000e+02
2.155096739999999991e+05 4.730514880000000121e+05 2.930000000000000000e+02
2.717701529999999912e+05 5.756457550000000047e+05 2.970000000000000000e+02
1.350870109999999986e+05 4.435877029999999795e+05 3.160000000000000000e+02
1.570759590000000026e+05 4.140325979999999981e+05 3.180000000000000000e+02
9.371335899999999674e+04 4.310445750000000116e+05 3.240000000000000000e+02
1.779596620000000112e+05 4.308353890000000247e+05 3.270000000000000000e+02
1.465773421699999890e+05 4.855777403000000049e+05 3.340000000000000000e+02
1.982432539999999863e+05 3.168918919999999925e+05 3.500000000000000000e+02
1.586298740000000107e+05 4.686492910000000265e+05 3.820000000000000000e+02
1.676152220000000088e+05 4.644639459999999963e+05 3.880000000000000000e+02
1.312537900000000081e+05 5.491841720000000205e+05 3.900000000000000000e+02
1.063602119999999995e+05 4.291748709999999846e+05 3.920000000000000000e+02
1.812480000000000000e+05 3.302120000000000000e+05 4.330000000000000000e+02
2.419650810000000056e+05 5.561570979999999981e+05 4.410000000000000000e+02
1.161245979999999981e+05 4.805914209999999730e+05 4.670000000000000000e+02
1.969295686700000078e+05 3.960160192800000077e+05 4.780000000000000000e+02
1.528670570000000007e+05 3.892716250000000000e+05 4.880000000000000000e+02
9.394473600000000442e+04 3.953291020000000135e+05 4.930000000000000000e+02
2.018217580000000016e+05 5.672178789999999572e+05 5.050000000000000000e+02
2.156131189000000013e+05 5.220642483500000089e+05 5.160000000000000000e+02
1.058312049300000072e+05 4.954471076200000243e+05 5.380000000000000000e+02
1.130738840000000055e+05 4.084849230000000098e+05 6.470000000000000000e+02
1.556030329999999958e+05 3.883416020000000135e+05 6.480000000000000000e+02
1.823707870000000112e+05 5.732084139999999898e+05 6.930000000000000000e+02
1.905805840000000026e+05 5.544038050000000512e+05 7.280000000000000000e+02
1.871755679999999993e+05 4.897379450000000070e+05 7.290000000000000000e+02
1.918640020000000077e+05 4.061483560000000289e+05 7.470000000000000000e+02
8.400490399999999499e+04 4.404835619999999763e+05 7.570000000000000000e+02
2.001506879999999946e+05 3.773725000000000000e+05 7.830000000000000000e+02
1.639840609999999870e+05 3.765685839999999735e+05 8.040000000000000000e+02
8.768185000000000582e+04 4.321280569999999716e+05 8.190000000000000000e+02
1.420878900000000140e+05 4.290252609999999986e+05 8.470000000000000000e+02
1.378405287400000088e+05 4.589355902500000084e+05 8.580000000000000000e+02
9.060355999999999767e+04 3.933955540000000037e+05 8.630000000000000000e+02
1.815998850000000093e+05 5.219489729999999981e+05 8.670000000000000000e+02
1.288576469999999972e+05 4.816571259999999893e+05 9.040000000000000000e+02
1.577159690000000119e+05 3.794544189999999944e+05 9.520000000000000000e+02
1.554154139999999898e+05 5.691074279999999562e+05 9.760000000000000000e+02
1.198103399999999965e+05 4.936823399999990361e+05 1.031000000000000000e+03
1.197100120000000024e+05 4.109076219999999739e+05 1.040000000000000000e+03
1.660881529999999912e+05 4.781237579999999725e+05 1.049000000000000000e+03
2.059945646499999857e+05 4.371077235399999772e+05 1.077000000000000000e+03
1.492827529999999970e+05 4.166760829999999842e+05 1.114000000000000000e+03
1.937608644999999960e+05 4.591759991700000246e+05 1.174000000000000000e+03
1.525380890000000072e+05 4.530130800000000163e+05 1.176000000000000000e+03
8.224602999999999884e+04 4.495830300000000279e+05 1.178000000000000000e+03
1.045322100000000064e+05 3.975297249999999767e+05 1.182000000000000000e+03
1.041959222699999955e+05 4.120754188299999805e+05 1.185000000000000000e+03
1.337460688000000082e+05 4.455020876600000192e+05 1.200000000000000000e+03
2.265789729999999981e+05 5.320536639999999898e+05 1.232000000000000000e+03
7.729412700000000768e+04 4.338572019999999902e+05 1.234000000000000000e+03
9.451966740999999456e+04 4.272206017899999861e+05 1.241000000000000000e+03
1.329628209999999963e+05 4.519346680000000051e+05 1.246000000000000000e+03
1.972503949999999895e+05 4.737809589999999735e+05 1.249000000000000000e+03
7.616747500000000582e+04 4.400090619999999763e+05 1.254000000000000000e+03
1.714117080800000113e+05 4.186944446899999748e+05 1.282000000000000000e+03
1.890649970000000030e+05 4.665021919999999809e+05 1.289000000000000000e+03
9.502212099999999919e+04 4.619323479999999981e+05 1.294000000000000000e+03
1.232832949999999983e+05 4.209344450000019860e+05 1.353000000000000000e+03
1.147301530000000057e+05 4.262734079999999958e+05 1.354000000000000000e+03
9.234918822999999975e+04 4.594254572700000135e+05 1.364000000000000000e+03
2.100642950000000128e+05 5.183117449999999953e+05 1.379000000000000000e+03
1.252687205399999948e+05 4.793422685599999968e+05 1.408000000000000000e+03
1.004369419999999955e+05 4.425290229999999865e+05 1.445000000000000000e+03
1.847071009999999951e+05 5.757233419999999460e+05 1.470000000000000000e+03
1.569181479999999865e+05 4.140149859999999753e+05 1.494000000000000000e+03
1.028530000000000000e+05 4.302600000000000000e+05 1.517000000000000000e+03
1.412450989999999874e+05 4.560430009999999893e+05 1.525000000000000000e+03
1.784189980600000126e+05 4.296389940000000061e+05 1.527000000000000000e+03
1.081589060000000027e+05 4.504486500000000233e+05 1.533000000000000000e+03
1.873847060000000056e+05 3.461249569999999949e+05 1.535000000000000000e+03
5.357100000000000000e+04 4.083460000000000000e+05 1.548000000000000000e+03
1.103235669999999955e+05 3.907813869999999879e+05 1.569000000000000000e+03
1.222803249999999971e+05 4.539553150000000023e+05 1.616000000000000000e+03
7.914883599999999569e+04 3.780786599999999744e+05 1.641000000000000000e+03
1.905136510000000126e+05 4.479419400000000023e+05 1.684000000000000000e+03
1.408380620000000054e+05 4.782679600000000210e+05 1.688000000000000000e+03
9.287075999999999476e+04 4.514249020000000019e+05 1.708000000000000000e+03
9.681998399999999674e+04 4.407840729999999749e+05 1.751000000000000000e+03
1.114031030000000028e+05 4.863744319999999716e+05 1.755000000000000000e+03
9.544474800000000687e+04 4.506986089999999967e+05 1.765000000000000000e+03
1.079580120000000024e+05 5.003560829999999842e+05 1.767000000000000000e+03
1.412270780000000086e+05 4.527118099999999977e+05 1.774000000000000000e+03
1.885336440000000002e+05 4.486549099999999744e+05 1.792000000000000000e+03
8.658253599999999278e+04 4.139724799999999814e+05 1.806000000000000000e+03
8.738575100000000384e+04 4.424637669999999925e+05 1.819000000000000000e+03
1.583980169999999925e+05 4.648252779999999912e+05 1.833000000000000000e+03
1.253537970000000059e+05 4.302069490000000224e+05 1.837000000000000000e+03
1.606963489999999874e+05 3.915794020000000019e+05 1.848000000000000000e+03
1.749095659999999916e+05 4.665068069999999716e+05 1.863000000000000000e+03
1.578487390000000014e+05 4.653759139999999898e+05 1.872000000000000000e+03
2.478471080000000075e+05 4.782697750000000233e+05 1.874000000000000000e+03
1.196247519999999931e+05 4.922372409999999800e+05 1.889000000000000000e+03
1.218984520000000048e+05 4.929787739999999758e+05 1.918000000000000000e+03
1.330760409999999974e+05 4.533790210000000079e+05 1.924000000000000000e+03
8.506515000000000873e+04 4.533599729999999981e+05 1.925000000000000000e+03
