1.433839290000000037e+05 5.596916369999999879e+05 2.000000000000000000e+01
1.110474820000000036e+05 4.793712609999999986e+05 2.900000000000000000e+01
1.029030540000000037e+05 4.696158570000000182e+05 3.100000000000000000e+01
8.772145249999999942e+04 4.613945831400000025e+05 6.600000000000000000e+01
1.087655359999999928e+05 4.885372229999999981e+05 7.400000000000000000e+01
1.443547609999999986e+05 4.720576149999999907e+05 7.700000000000000000e+01
1.390895109999999986e+05 4.522453790000000154e+05 8.000000000000000000e+01
9.377462200000000303e+04 4.690850669999999809e+05 1.010000000000000000e+02
1.897179139999999898e+05 3.482371780000000144e+05 1.350000000000000000e+02
2.048111790000000037e+05 3.669925540000000037e+05 1.420000000000000000e+02
1.492710190000000002e+05 4.166689720000000088e+05 1.700000000000000000e+02
2.134207680000000109e+05 5.741833390000000363e+05 2.130000000000000000e+02
1.039302773500000039e+05 4.206838025800000178e+05 2.300000000000000000e+02
2.461453390000000072e+05 4.796343989999999758e+05 2.450000000000000000e+02
1.564049590000000026e+05 3.859890530000000144e+05 2.540000000000000000e+02
9.820080199999999604e+04 4.495853209999999963e+05 2.660000000000000000e+02
2.270525599999999977e+05 5.353399320000000298e+05 2.690000000000000000e+02
1.698361590000000142e+05 5.616396670000000158e+05 2.860000000000000000e+02
1.503817019999999902e+05 4.025005700000000070e+05 3.130000000000000000e+02
8.060658699999999953e+04 3.885539050000000279e+05 3.260000000000000000e+02
1.465773421699999890e+05 4.855777403000000049e+05 3.340000000000000000e+02
1.982432539999999863e+05 3.168918919999999925e+05 3.500000000000000000e+02
1.676152220000000088e+05 4.644639459999999963e+05 3.880000000000000000e+02
1.094835219999999972e+05 4.569848780000000261e+05 4.020000000000000000e+02
1.842887380000000121e+05 4.471423169999999809e+05 4.120000000000000000e+02
1.824683379999999888e+05 4.861507130000020261e+05 4.130000000000000000e+02
1.723355849999999919e+05 4.831173879999999772e+05 4.170000000000000000e+02
2.051171559999999881e+05 5.689903299999999581e+05 4.570000000000000000e+02
1.225975650000000023e+05 5.451176350000000093e+05 4.720000000000000000e+02
1.047410000000000000e+05 4.301390000000000000e+05 4.890000000000000000e+02
1.841664029999999912e+05 3.361107899999999790e+05 5.010000000000000000e+02
1.887668276499999920e+05 4.131106135900000227e+05 5.090000000000000000e+02
2.156131189000000013e+05 5.220642483500000089e+05 5.160000000000000000e+02
2.364052829999999958e+05 5.645248479999999981e+05 5.230000000000000000e+02
8.382921799999999348e+04 4.408805669999999809e+05 5.320000000000000000e+02
1.072677529999999970e+05 4.056953290000000270e+05 5.490000000000000000e+02
1.265049260000000068e+05 4.846366010000000242e+05 5.530000000000000000e+02
8.590225500000000466e+04 4.380028530000000028e+05 5.540000000000000000e+02
1.843889649999999965e+05 3.796866419999999925e+05 5.600000000000000000e+02
1.168299339999999938e+05 4.534386190000000061e+05 5.700000000000000000e+02
1.287610500000000029e+05 4.616514340000000084e+05 5.980000000000000000e+02
1.834784629999999888e+05 4.483362860000000219e+05 6.180000000000000000e+02
2.452680350000000035e+05 5.773919179999999469e+05 6.440000000000000000e+02
1.556030329999999958e+05 3.883416020000000135e+05 6.480000000000000000e+02
1.337537930000000051e+05 4.117613879999999772e+05 7.080000000000000000e+02
2.087649010000000126e+05 3.787979890000000014e+05 7.100000000000000000e+02
1.253660720000000001e+05 4.302024890000000014e+05 7.240000000000000000e+02
1.383734150000000081e+05 3.953501080000000075e+05 7.650000000000000000e+02
1.934411089999999967e+05 4.552698119999999763e+05 7.740000000000000000e+02
2.465491160000000091e+05 5.768047560000000522e+05 8.010000000000000000e+02
1.973059310000000114e+05 3.950184225200000219e+05 8.080000000000000000e+02
1.767369800000000105e+05 4.364885860000000102e+05 8.290000000000000000e+02
8.626349800000000687e+04 4.465801840000000084e+05 8.360000000000000000e+02
1.420878900000000140e+05 4.290252609999999986e+05 8.470000000000000000e+02
1.815998850000000093e+05 5.219489729999999981e+05 8.670000000000000000e+02
1.094951283799999946e+05 4.569895031799999997e+05 9.220000000000000000e+02
1.080014269999999960e+05 4.758269519999999902e+05 9.300000000000000000e+02
9.542988999999999942e+04 4.506859359999999870e+05 9.670000000000000000e+02
8.586007700000000477e+04 4.329765979999999981e+05 9.700000000000000000e+02
2.462110789999999979e+05 4.795315999999999767e+05 9.710000000000000000e+02
1.312272284999999974e+05 5.180240304999999935e+05 9.720000000000000000e+02
1.554154139999999898e+05 5.691074279999999562e+05 9.760000000000000000e+02
1.907133420000000042e+05 3.253808100000030245e+05 9.830000000000000000e+02
9.494057102000000305e+04 4.315251833699999843e+05 9.970000000000000000e+02
1.801532220000000088e+05 5.758798719999999739e+05 1.002000000000000000e+03
1.832183129999999946e+05 3.288530079999999725e+05 1.005000000000000000e+03
1.015020000000000000e+05 4.300680000000000000e+05 1.013000000000000000e+03
2.269158509199999971e+05 5.798216452600000193e+05 1.014000000000000000e+03
1.198103399999999965e+05 4.936823399999990361e+05 1.031000000000000000e+03
1.197100120000000024e+05 4.109076219999999739e+05 1.040000000000000000e+03
2.367002555799999973e+05 5.731573810300000478e+05 1.044000000000000000e+03
9.406250900000000547e+04 4.311806130000000121e+05 1.053000000000000000e+03
2.059945646499999857e+05 4.371077235399999772e+05 1.077000000000000000e+03
8.696900000000000000e+04 3.915310000000000000e+05 1.092000000000000000e+03
1.441719189999999944e+05 3.924801959999999963e+05 1.097000000000000000e+03
1.367342490000000107e+05 4.803689470000020228e+05 1.134000000000000000e+03
7.362509299999999348e+04 4.359978809999999939e+05 1.151000000000000000e+03
8.548550000000000000e+04 4.567726749999999884e+05 1.153000000000000000e+03
8.224602999999999884e+04 4.495830300000000279e+05 1.178000000000000000e+03
1.492330169999999925e+05 4.072313200000000070e+05 1.184000000000000000e+03
1.977069727800000110e+05 4.664505296400000225e+05 1.190000000000000000e+03
9.647700000000000000e+04 4.366430000000000000e+05 1.206000000000000000e+03
1.646443740000000107e+05 3.795472440000000061e+05 1.208000000000000000e+03
1.893378179999999993e+05 3.479499550000000163e+05 1.265000000000000000e+03
2.007473349999999919e+05 5.019344940000000061e+05 1.271000000000000000e+03
1.714117080800000113e+05 4.186944446899999748e+05 1.282000000000000000e+03
1.533260860000000102e+05 4.126745399999999790e+05 1.332000000000000000e+03
1.147301530000000057e+05 4.262734079999999958e+05 1.354000000000000000e+03
9.234918822999999975e+04 4.594254572700000135e+05 1.364000000000000000e+03
2.100642950000000128e+05 5.183117449999999953e+05 1.379000000000000000e+03
1.329823647899999924e+05 4.478649795600000070e+05 1.393000000000000000e+03
1.813233489999999874e+05 3.630034319999999716e+05 1.412000000000000000e+03
1.485719770000000135e+05 4.584018800000000047e+05 1.442000000000000000e+03
1.236160380000000005e+05 4.827480829999999842e+05 1.462000000000000000e+03
1.906480569900000119e+05 5.542705182199999690e+05 1.514000000000000000e+03
1.784189980600000126e+05 4.296389940000000061e+05 1.527000000000000000e+03
8.603640992999999435e+04 4.537398952500000014e+05 1.531000000000000000e+03
1.081589060000000027e+05 4.504486500000000233e+05 1.533000000000000000e+03
1.125037519999999931e+05 4.818451109999999753e+05 1.539000000000000000e+03
1.887545705399999861e+05 4.131073400799999945e+05 1.572000000000000000e+03
1.167940449999999983e+05 4.533519060000000172e+05 1.619000000000000000e+03
5.107543400000000111e+04 3.890320960000000196e+05 1.634000000000000000e+03
1.389553850000000093e+05 4.557822220000000088e+05 1.662000000000000000e+03
1.470217539999999863e+05 4.770523649999999907e+05 1.671000000000000000e+03
2.251910039500000130e+05 5.246527841600000393e+05 1.694000000000000000e+03
1.089733990000000049e+05 4.012763819999999832e+05 1.743000000000000000e+03
2.371034489999999932e+05 5.257335320000000065e+05 1.746000000000000000e+03
1.544114696399999957e+05 4.334767951500000199e+05 1.768000000000000000e+03
8.658253599999999278e+04 4.139724799999999814e+05 1.806000000000000000e+03
8.835494500000000698e+04 4.405206290000000154e+05 1.844000000000000000e+03
1.606963489999999874e+05 3.915794020000000019e+05 1.848000000000000000e+03
1.485571559999999881e+05 4.584114930000000168e+05 1.855000000000000000e+03
1.783219679999999935e+05 3.157080439999999944e+05 1.871000000000000000e+03
1.258474860000000044e+05 4.287592010000000009e+05 1.878000000000000000e+03
1.574998209999999963e+05 4.646412849999999744e+05 1.884000000000000000e+03
8.483432799999999406e+04 4.534905979999999981e+05 1.899000000000000000e+03
1.249419900000000052e+05 4.909278059999999823e+05 1.908000000000000000e+03
1.287953659999999945e+05 4.614524230000000098e+05 1.909000000000000000e+03
1.956160000000000000e+05 4.437410000000000000e+05 1.911000000000000000e+03
1.330760409999999974e+05 4.533790210000000079e+05 1.924000000000000000e+03
