1.497628250000000116e+05 4.049783919999999925e+05 9.000000000000000000e+00
8.384886000000000058e+04 4.408880520000000251e+05 3.500000000000000000e+01
8.772145249999999942e+04 4.613945831400000025e+05 6.600000000000000000e+01
2.260489355400000059e+05 4.743508699699999997e+05 7.200000000000000000e+01
1.314837140000000072e+05 4.279506229999979842e+05 9.800000000000000000e+01
1.033800910000000003e+05 4.117558190000000177e+05 1.600000000000000000e+02
2.675895949999999721e+05 4.818015860000000102e+05 2.020000000000000000e+02
2.624760000000000000e+05 5.775090000000000000e+05 2.030000000000000000e+02
2.134207680000000109e+05 5.741833390000000363e+05 2.130000000000000000e+02
1.598608660000000091e+05 3.896418850000000093e+05 2.550000000000000000e+02
1.087260890000000072e+05 4.765981979999999749e+05 2.710000000000000000e+02
2.155096739999999991e+05 4.730514880000000121e+05 2.930000000000000000e+02
8.474854799999999523e+04 4.374061909999999916e+05 3.580000000000000000e+02
1.513435780000000086e+05 4.850250189999999711e+05 3.630000000000000000e+02
1.064268420000000042e+05 4.584188009999999776e+05 3.650000000000000000e+02
1.524053859999999986e+05 4.110699679999999935e+05 3.680000000000000000e+02
9.054334299999999348e+04 4.311302569999999832e+05 3.740000000000000000e+02
1.676152220000000088e+05 4.644639459999999963e+05 3.880000000000000000e+02
1.961217270000000135e+05 4.981718520000000135e+05 3.890000000000000000e+02
1.564775409999999974e+05 5.676384429999999702e+05 4.010000000000000000e+02
8.815264800000000105e+04 4.104931219999999739e+05 4.090000000000000000e+02
2.540820000000000000e+05 5.768160000000000000e+05 4.450000000000000000e+02
1.109184039999999950e+05 4.075794760000000242e+05 4.510000000000000000e+02
1.906129239999999991e+05 3.518537139999999781e+05 4.630000000000000000e+02
1.373309929999999877e+05 4.518891450000000186e+05 5.020000000000000000e+02
7.905253100000000268e+04 4.315745459999999730e+05 5.120000000000000000e+02
1.957150000000000000e+05 4.440360000000000000e+05 5.170000000000000000e+02
1.402943300000000163e+05 4.837107610000030254e+05 5.310000000000000000e+02
1.679527690400000138e+05 4.819966382299999823e+05 5.330000000000000000e+02
1.377671059999999998e+05 3.973395050000000047e+05 5.400000000000000000e+02
1.160398249999999971e+05 4.097176649999999790e+05 5.560000000000000000e+02
1.316786169999999984e+05 4.583408630000000121e+05 5.690000000000000000e+02
1.168299339999999938e+05 4.534386190000000061e+05 5.700000000000000000e+02
1.417568720000000030e+05 4.340175680000000284e+05 5.860000000000000000e+02
9.200316499999999360e+04 4.307835339999999851e+05 5.940000000000000000e+02
1.080265758000000060e+05 4.262942737799999886e+05 5.960000000000000000e+02
1.640650150000000140e+05 5.002188969999999972e+05 6.170000000000000000e+02
1.834784629999999888e+05 4.483362860000000219e+05 6.180000000000000000e+02
1.408475730000000040e+05 4.655777770000000019e+05 6.190000000000000000e+02
1.842074280000000144e+05 4.225367409999999800e+05 6.260000000000000000e+02
1.178686180000000022e+05 4.965365779999999795e+05 6.380000000000000000e+02
9.852930000000000291e+04 4.645638169999999809e+05 6.390000000000000000e+02
1.831266160000000091e+05 3.308320449999999837e+05 6.460000000000000000e+02
1.827675599999999977e+05 3.329838859999999986e+05 7.070000000000000000e+02
3.323453899999999703e+04 3.923192899999999790e+05 7.460000000000000000e+02
1.310697330800000054e+05 4.537584803800000227e+05 7.560000000000000000e+02
1.429599605199999933e+05 4.568384567500000121e+05 7.870000000000000000e+02
1.180871380000000063e+05 4.882318679999989690e+05 7.950000000000000000e+02
2.329778260000000009e+05 5.547200500000000466e+05 8.380000000000000000e+02
1.539928409999999858e+05 3.949575970000000088e+05 8.830000000000000000e+02
1.159337464100000070e+05 3.990255978599999798e+05 8.870000000000000000e+02
1.697016080000000075e+05 4.086874400000000023e+05 9.340000000000000000e+02
1.577159690000000119e+05 3.794544189999999944e+05 9.520000000000000000e+02
1.118953270000000048e+05 4.845723960000019870e+05 9.580000000000000000e+02
8.586007700000000477e+04 4.329765979999999981e+05 9.700000000000000000e+02
1.019027799999999988e+05 4.678224199999999837e+05 9.860000000000000000e+02
9.494057102000000305e+04 4.315251833699999843e+05 9.970000000000000000e+02
1.801532220000000088e+05 5.758798719999999739e+05 1.002000000000000000e+03
1.725097360000000044e+05 4.475373009999999776e+05 1.006000000000000000e+03
1.015020000000000000e+05 4.300680000000000000e+05 1.013000000000000000e+03
7.972154697999999917e+04 4.375601724099999992e+05 1.030000000000000000e+03
1.198103399999999965e+05 4.936823399999990361e+05 1.031000000000000000e+03
2.238327330000000075e+05 4.400974089999999851e+05 1.035000000000000000e+03
1.312007328200000047e+05 4.585812464199999813e+05 1.051000000000000000e+03
2.059945646499999857e+05 4.371077235399999772e+05 1.077000000000000000e+03
8.028590000000000873e+04 3.913249628299999749e+05 1.088000000000000000e+03
1.276471839999999938e+05 4.835856680000000051e+05 1.093000000000000000e+03
1.120127580000000016e+05 4.533330410000000265e+05 1.096000000000000000e+03
1.441719189999999944e+05 3.924801959999999963e+05 1.097000000000000000e+03
2.105366203300000052e+05 5.152536950499999803e+05 1.104000000000000000e+03
1.311444830000000075e+05 5.294649279999999562e+05 1.126000000000000000e+03
1.977069727800000110e+05 4.664505296400000225e+05 1.190000000000000000e+03
1.808653960000000079e+05 3.234855009999999893e+05 1.221000000000000000e+03
1.646364059999999881e+05 4.048499099999999744e+05 1.283000000000000000e+03
2.035447946999999986e+05 3.785975691099999822e+05 1.284000000000000000e+03
9.502212099999999919e+04 4.619323479999999981e+05 1.294000000000000000e+03
9.124424300000000221e+04 4.241596510000000126e+05 1.295000000000000000e+03
1.745154640000000072e+05 5.175364020000000019e+05 1.325000000000000000e+03
1.328182767699999968e+05 4.491607556600000244e+05 1.339000000000000000e+03
1.232832949999999983e+05 4.209344450000019860e+05 1.353000000000000000e+03
2.344631030000000028e+05 5.780038969999999972e+05 1.384000000000000000e+03
1.429479480000000040e+05 4.568483389999999781e+05 1.386000000000000000e+03
1.813233489999999874e+05 3.630034319999999716e+05 1.412000000000000000e+03
1.163311760000000068e+05 4.835272230000030249e+05 1.456000000000000000e+03
1.736101350000000093e+05 5.594757689999999711e+05 1.472000000000000000e+03
1.066857140000000072e+05 4.493390659999999916e+05 1.509000000000000000e+03
1.904176514700000116e+05 5.544460809400000144e+05 1.511000000000000000e+03
1.784189980600000126e+05 4.296389940000000061e+05 1.527000000000000000e+03
1.026595369999999966e+05 4.299074739999999874e+05 1.540000000000000000e+03
1.380671719999999914e+05 4.397086190000019851e+05 1.565000000000000000e+03
1.149319020000000019e+05 4.827550180000009714e+05 1.599000000000000000e+03
2.480240249999999942e+05 4.766686630000000005e+05 1.608000000000000000e+03
1.563058630000000121e+05 4.614516560000000172e+05 1.624000000000000000e+03
1.803571020000000135e+05 4.361395709999999963e+05 1.625000000000000000e+03
1.572037850000000035e+05 4.635605640000000130e+05 1.643000000000000000e+03
1.452295089999999909e+05 4.721854799999999814e+05 1.674000000000000000e+03
1.408380620000000054e+05 4.782679600000000210e+05 1.688000000000000000e+03
9.131247999999999593e+04 4.516216269999999786e+05 1.690000000000000000e+03
9.784161900000000605e+04 4.409989729999999981e+05 1.696000000000000000e+03
2.277795769999999902e+05 5.264334209999999730e+05 1.698000000000000000e+03
5.921105587999999989e+04 3.873350159400000121e+05 1.699000000000000000e+03
1.063936501799999969e+05 4.972318302200000035e+05 1.700000000000000000e+03
1.546727609999999986e+05 4.336662779999999912e+05 1.702000000000000000e+03
2.149620000000000000e+05 4.906280000000000000e+05 1.707000000000000000e+03
1.094626440000000002e+05 5.248175089999999618e+05 1.738000000000000000e+03
1.025468549999999959e+05 4.440789170000000158e+05 1.742000000000000000e+03
1.216325029999999970e+05 5.008222010000000009e+05 1.750000000000000000e+03
1.079580120000000024e+05 5.003560829999999842e+05 1.767000000000000000e+03
1.412270780000000086e+05 4.527118099999999977e+05 1.774000000000000000e+03
8.821104799999999523e+04 4.198278130000000237e+05 1.779000000000000000e+03
1.072456359999999986e+05 4.056959139999999898e+05 1.796000000000000000e+03
1.786107500000000000e+05 3.195849689999999828e+05 1.804000000000000000e+03
1.940244970000000030e+05 4.022791429999999818e+05 1.830000000000000000e+03
1.341094169999999867e+05 4.527577609999999986e+05 1.831000000000000000e+03
8.835494500000000698e+04 4.405206290000000154e+05 1.844000000000000000e+03
8.912964199999999255e+04 3.948165630000000237e+05 1.851000000000000000e+03
1.250870029999999970e+05 4.293560719999999856e+05 1.876000000000000000e+03
8.483432799999999406e+04 4.534905979999999981e+05 1.899000000000000000e+03
8.580912812999999733e+04 4.533917799600000144e+05 1.904000000000000000e+03
1.249419900000000052e+05 4.909278059999999823e+05 1.908000000000000000e+03
