6.435769000000000233e+04 4.086488620000000228e+05 2.000000000000000000e+00
1.675577540000000154e+05 4.141003890000000247e+05 5.000000000000000000e+00
1.810497799999999988e+05 5.474598869999999879e+05 7.000000000000000000e+00
8.452495900000000256e+04 4.579585979999999981e+05 1.100000000000000000e+01
1.830654510000000009e+05 3.299528310000000056e+05 7.800000000000000000e+01
8.155102800000000570e+04 4.483799430000000284e+05 9.200000000000000000e+01
1.725345080000000016e+05 3.815383890000000247e+05 1.140000000000000000e+02
1.940200000000000000e+05 4.022680000000000000e+05 1.150000000000000000e+02
9.654305400000000373e+04 4.386880860000000102e+05 1.220000000000000000e+02
1.275198559999999998e+05 4.707105109999999986e+05 1.280000000000000000e+02
1.158700981800000009e+05 4.531238402299999725e+05 1.320000000000000000e+02
2.083846739999999991e+05 5.077029689999999828e+05 1.550000000000000000e+02
1.491410929999999935e+05 4.144353260000000009e+05 1.690000000000000000e+02
8.457289100000000326e+04 4.516781830000000191e+05 1.910000000000000000e+02
6.795891048999999475e+04 3.818993833800000139e+05 2.180000000000000000e+02
9.477036165999999503e+04 4.277837159600000014e+05 2.190000000000000000e+02
1.039302773500000039e+05 4.206838025800000178e+05 2.300000000000000000e+02
1.640389610000000102e+05 5.002368049999999930e+05 2.430000000000000000e+02
2.209188306100000045e+05 4.735257405300000100e+05 2.720000000000000000e+02
7.403001300000000629e+04 4.354181309999999939e+05 2.770000000000000000e+02
2.155096739999999991e+05 4.730514880000000121e+05 2.930000000000000000e+02
1.298554089999999997e+05 4.406336230000000214e+05 3.000000000000000000e+02
2.562117919999999867e+05 5.723194379999999655e+05 3.030000000000000000e+02
2.339597159000000102e+05 5.803710230000000447e+05 3.200000000000000000e+02
8.060658699999999953e+04 3.885539050000000279e+05 3.260000000000000000e+02
8.028716899999999441e+04 3.862229309999999823e+05 3.310000000000000000e+02
1.571114940000000061e+05 3.904080619999999763e+05 3.420000000000000000e+02
8.669975100000000384e+04 4.380909650000000256e+05 3.670000000000000000e+02
1.723355849999999919e+05 4.831173879999999772e+05 4.170000000000000000e+02
3.824821399999999994e+04 3.917897029999999795e+05 4.180000000000000000e+02
1.387584340000000084e+05 4.601821329999999725e+05 4.460000000000000000e+02
2.414256389999999956e+05 4.823330399999999790e+05 4.520000000000000000e+02
1.047410000000000000e+05 4.301390000000000000e+05 4.890000000000000000e+02
1.373309929999999877e+05 4.518891450000000186e+05 5.020000000000000000e+02
8.504760199999999895e+04 4.359076149999999907e+05 5.150000000000000000e+02
1.178904750000000058e+05 4.852933609999999753e+05 5.250000000000000000e+02
1.555946849999999977e+05 3.883450779999999795e+05 5.280000000000000000e+02
1.034697010000000009e+05 4.717952370000020019e+05 5.570000000000000000e+02
1.114531680000000051e+05 4.804866020000010612e+05 5.970000000000000000e+02
1.640650150000000140e+05 5.002188969999999972e+05 6.170000000000000000e+02
1.834784629999999888e+05 4.483362860000000219e+05 6.180000000000000000e+02
1.249816469999999972e+05 4.778474660000000149e+05 6.610000000000000000e+02
1.340515810000000056e+05 4.815414209999999730e+05 6.870000000000000000e+02
1.746187360000000044e+05 4.471894969999999739e+05 7.330000000000000000e+02
1.383734150000000081e+05 3.953501080000000075e+05 7.650000000000000000e+02
1.918977319999999891e+05 3.210808109999999870e+05 7.820000000000000000e+02
1.653661149999999907e+05 4.640020960000000196e+05 8.230000000000000000e+02
8.626349800000000687e+04 4.465801840000000084e+05 8.360000000000000000e+02
1.673717669999999925e+05 3.722599060000000172e+05 8.690000000000000000e+02
1.084782839999999997e+05 4.506670800000000163e+05 8.910000000000000000e+02
1.712033159999999916e+05 4.824289029999999912e+05 9.170000000000000000e+02
1.078613270000000048e+05 4.926424420000010286e+05 9.210000000000000000e+02
1.982501320000000123e+05 4.685365729999999749e+05 9.380000000000000000e+02
9.630500000000000000e+04 4.366270000000000000e+05 9.480000000000000000e+02
1.577159690000000119e+05 3.794544189999999944e+05 9.520000000000000000e+02
1.807336469199999992e+05 5.288891468899999745e+05 9.660000000000000000e+02
8.586007700000000477e+04 4.329765979999999981e+05 9.700000000000000000e+02
2.047296240000000107e+05 5.693897249999999767e+05 9.950000000000000000e+02
1.801532220000000088e+05 5.758798719999999739e+05 1.002000000000000000e+03
2.154092930000000051e+05 5.753499440000000177e+05 1.009000000000000000e+03
1.017288650000000052e+05 4.282161730000000098e+05 1.017000000000000000e+03
1.198103399999999965e+05 4.936823399999990361e+05 1.031000000000000000e+03
1.197100120000000024e+05 4.109076219999999739e+05 1.040000000000000000e+03
1.586301350000000093e+05 4.646610389999999898e+05 1.056000000000000000e+03
1.402649869999999937e+05 4.369483730000000214e+05 1.059000000000000000e+03
2.094440700000000070e+05 5.210979199999999837e+05 1.074000000000000000e+03
1.079924119999999966e+05 4.282660300000000279e+05 1.091000000000000000e+03
1.276471839999999938e+05 4.835856680000000051e+05 1.093000000000000000e+03
1.121618089999999938e+05 4.869719729999999981e+05 1.160000000000000000e+03
2.289199029999999912e+05 5.399978070000000298e+05 1.162000000000000000e+03
1.937608644999999960e+05 4.591759991700000246e+05 1.174000000000000000e+03
1.492330169999999925e+05 4.072313200000000070e+05 1.184000000000000000e+03
1.041959222699999955e+05 4.120754188299999805e+05 1.185000000000000000e+03
1.289856062800000072e+05 5.142702404400000232e+05 1.196000000000000000e+03
1.629281300000000047e+05 3.998458219999999856e+05 1.210000000000000000e+03
1.922760830000000133e+05 4.500543219999999856e+05 1.220000000000000000e+03
1.808653960000000079e+05 3.234855009999999893e+05 1.221000000000000000e+03
1.599156987399999925e+05 3.896235010800000164e+05 1.245000000000000000e+03
1.893378179999999993e+05 3.479499550000000163e+05 1.265000000000000000e+03
1.687320500000000175e+05 4.061332390000000014e+05 1.278000000000000000e+03
1.424291849999999977e+05 4.562349639999999781e+05 1.358000000000000000e+03
1.977052939999999944e+05 4.896311890000000130e+05 1.360000000000000000e+03
9.234918822999999975e+04 4.594254572700000135e+05 1.364000000000000000e+03
9.591001499999999942e+04 4.625308380000020261e+05 1.368000000000000000e+03
1.977457429999999877e+05 4.995985750000000116e+05 1.371000000000000000e+03
1.271520540000000037e+05 5.467494070000000065e+05 1.373000000000000000e+03
1.270688439999999973e+05 5.099440300000000279e+05 1.381000000000000000e+03
1.059999130000000005e+05 4.736339620000020950e+05 1.387000000000000000e+03
1.812956739999999991e+05 4.378455740000000224e+05 1.438000000000000000e+03
1.356700260000000126e+05 4.117141429999999818e+05 1.458000000000000000e+03
1.883613040000000037e+05 5.563683080000020564e+05 1.466000000000000000e+03
1.253740580000000045e+05 4.770011180000000168e+05 1.492000000000000000e+03
1.081589060000000027e+05 4.504486500000000233e+05 1.533000000000000000e+03
1.768395029999999970e+05 4.302634839999999967e+05 1.534000000000000000e+03
1.125037519999999931e+05 4.818451109999999753e+05 1.539000000000000000e+03
1.094940540000000037e+05 3.978287260000000242e+05 1.542000000000000000e+03
1.097832489999999962e+05 3.969408080000000191e+05 1.611000000000000000e+03
1.567841009999999951e+05 4.621978290000000270e+05 1.614000000000000000e+03
1.260675280000000057e+05 4.547940000000000000e+05 1.617000000000000000e+03
2.485945659999999916e+05 4.737314490000000224e+05 1.642000000000000000e+03
2.273580089999999909e+05 4.405286670000000158e+05 1.656000000000000000e+03
1.452295089999999909e+05 4.721854799999999814e+05 1.674000000000000000e+03
1.570443738599999924e+05 4.346416381200000178e+05 1.733000000000000000e+03
2.371034489999999932e+05 5.257335320000000065e+05 1.746000000000000000e+03
1.216325029999999970e+05 5.008222010000000009e+05 1.750000000000000000e+03
1.723030659999999916e+05 4.651446340000000200e+05 1.757000000000000000e+03
9.544474800000000687e+04 4.506986089999999967e+05 1.765000000000000000e+03
1.510271879999999946e+05 4.308096049999999814e+05 1.772000000000000000e+03
2.395389670000000042e+05 4.787530329999999958e+05 1.815000000000000000e+03
1.097391119999999937e+05 5.064609139999999898e+05 1.817000000000000000e+03
8.881531299999999464e+04 3.942203169999999809e+05 1.827000000000000000e+03
1.940244970000000030e+05 4.022791429999999818e+05 1.830000000000000000e+03
1.253537970000000059e+05 4.302069490000000224e+05 1.837000000000000000e+03
1.052520000000000000e+05 4.971410000000000000e+05 1.842000000000000000e+03
1.956160000000000000e+05 4.437410000000000000e+05 1.911000000000000000e+03
1.327889450000000070e+05 4.532461990000000224e+05 1.916000000000000000e+03
1.097571940000000031e+05 5.064719280000000144e+05 1.922000000000000000e+03
1.330760409999999974e+05 4.533790210000000079e+05 1.924000000000000000e+03
8.506515000000000873e+04 4.533599729999999981e+05 1.925000000000000000e+03
